           * c:\users\admin\esim-workspace\priencoder\priencoder.cir
           Transient Analysis  Sat May 15 21:55:02  2021
--------------------------------------------------------------------------------
Index   time            net-_r1-pad1_   net-_r1-pad2_   net-_r2-pad2_   
--------------------------------------------------------------------------------
0	0.000000e+000	0.000000e+000	0.000000e+000	0.000000e+000	
1	1.000000e-014	0.000000e+000	5.000000e-002	5.000000e-002	
2	2.000000e-014	0.000000e+000	1.000000e-001	1.000000e-001	
3	4.000000e-014	0.000000e+000	2.000000e-001	2.000000e-001	
4	8.000000e-014	0.000000e+000	4.000000e-001	4.000000e-001	
5	1.600000e-013	0.000000e+000	8.000000e-001	8.000000e-001	
6	3.200000e-013	0.000000e+000	1.600000e+000	1.600000e+000	
7	6.400000e-013	0.000000e+000	3.200000e+000	3.200000e+000	
8	1.000000e-012	-8.88178e-016	5.000000e+000	5.000000e+000	
9	1.064000e-012	-8.88178e-016	5.000000e+000	5.000000e+000	
10	1.192000e-012	-8.88178e-016	5.000000e+000	5.000000e+000	
11	1.448000e-012	-8.88178e-016	5.000000e+000	5.000000e+000	
12	1.960000e-012	-8.88178e-016	5.000000e+000	5.000000e+000	
13	2.984000e-012	-8.88178e-016	5.000000e+000	5.000000e+000	
14	5.032000e-012	-8.88178e-016	5.000000e+000	5.000000e+000	
15	9.128000e-012	-8.88178e-016	5.000000e+000	5.000000e+000	
16	1.732000e-011	-8.88178e-016	5.000000e+000	5.000000e+000	
17	3.370400e-011	-8.88178e-016	5.000000e+000	5.000000e+000	
18	6.647200e-011	-8.88178e-016	5.000000e+000	5.000000e+000	
19	1.320080e-010	-8.88178e-016	5.000000e+000	5.000000e+000	
20	2.630800e-010	-8.88178e-016	5.000000e+000	5.000000e+000	
21	5.252240e-010	-8.88178e-016	5.000000e+000	5.000000e+000	
22	1.049512e-009	-8.88178e-016	5.000000e+000	5.000000e+000	
23	2.049512e-009	-8.88178e-016	5.000000e+000	5.000000e+000	
24	3.049512e-009	-8.88178e-016	5.000000e+000	5.000000e+000	
25	4.049512e-009	-8.88178e-016	5.000000e+000	5.000000e+000	
26	5.001000e-009	-8.88178e-016	5.000000e+000	5.000000e+000	
27	5.001100e-009	-8.88178e-016	4.500000e+000	5.000000e+000	
28	5.001300e-009	-4.44089e-016	3.500000e+000	5.000000e+000	
29	5.001700e-009	-2.22045e-016	1.500000e+000	5.000000e+000	
30	5.002000e-009	0.000000e+000	0.000000e+000	5.000000e+000	
31	5.002080e-009	0.000000e+000	0.000000e+000	5.000000e+000	
32	5.002240e-009	0.000000e+000	0.000000e+000	5.000000e+000	
33	5.002560e-009	0.000000e+000	0.000000e+000	5.000000e+000	
34	5.003200e-009	0.000000e+000	0.000000e+000	5.000000e+000	
35	5.004480e-009	0.000000e+000	0.000000e+000	5.000000e+000	
36	5.007040e-009	0.000000e+000	0.000000e+000	5.000000e+000	
37	5.012160e-009	0.000000e+000	0.000000e+000	5.000000e+000	
38	5.022400e-009	0.000000e+000	0.000000e+000	5.000000e+000	
39	5.042880e-009	0.000000e+000	0.000000e+000	5.000000e+000	
40	5.083840e-009	0.000000e+000	0.000000e+000	5.000000e+000	
41	5.165760e-009	0.000000e+000	0.000000e+000	5.000000e+000	
42	5.329600e-009	0.000000e+000	0.000000e+000	5.000000e+000	
43	5.657280e-009	0.000000e+000	0.000000e+000	5.000000e+000	
44	6.312640e-009	0.000000e+000	0.000000e+000	5.000000e+000	
45	7.312640e-009	0.000000e+000	0.000000e+000	5.000000e+000	
46	8.312640e-009	0.000000e+000	0.000000e+000	5.000000e+000	
47	9.312640e-009	0.000000e+000	0.000000e+000	5.000000e+000	
48	1.000000e-008	0.000000e+000	0.000000e+000	5.000000e+000	
49	1.000010e-008	0.000000e+000	5.000000e-001	5.000000e+000	
50	1.000030e-008	-2.22045e-016	1.500000e+000	5.000000e+000	
51	1.000070e-008	-4.44089e-016	3.500000e+000	5.000000e+000	
52	1.000100e-008	8.881784e-016	5.000000e+000	5.000000e+000	
53	1.000108e-008	-8.88178e-016	5.000000e+000	4.600000e+000	
54	1.000124e-008	-8.88178e-016	5.000000e+000	3.800000e+000	

Index   time            net-_r1-pad1_   net-_r1-pad2_   net-_r2-pad2_   
--------------------------------------------------------------------------------
55	1.000156e-008	-8.88178e-016	5.000000e+000	2.200000e+000	
56	1.000200e-008	-8.88178e-016	5.000000e+000	-8.88178e-016	
57	1.000206e-008	-8.88178e-016	5.000000e+000	-8.88178e-016	
58	1.000219e-008	-8.88178e-016	5.000000e+000	-8.88178e-016	
59	1.000245e-008	-8.88178e-016	5.000000e+000	-8.88178e-016	
60	1.000296e-008	-8.88178e-016	5.000000e+000	-8.88178e-016	
61	1.000398e-008	-8.88178e-016	5.000000e+000	-8.88178e-016	
62	1.000603e-008	-8.88178e-016	5.000000e+000	-8.88178e-016	
63	1.001013e-008	-8.88178e-016	5.000000e+000	-8.88178e-016	
64	1.001832e-008	-8.88178e-016	5.000000e+000	-8.88178e-016	
65	1.003470e-008	-8.88178e-016	5.000000e+000	-8.88178e-016	
66	1.006747e-008	-8.88178e-016	5.000000e+000	-8.88178e-016	
67	1.013301e-008	-8.88178e-016	5.000000e+000	-8.88178e-016	
68	1.026408e-008	-8.88178e-016	5.000000e+000	-8.88178e-016	
69	1.052622e-008	-8.88178e-016	5.000000e+000	-8.88178e-016	
70	1.105051e-008	-8.88178e-016	5.000000e+000	-8.88178e-016	
71	1.205051e-008	-8.88178e-016	5.000000e+000	-8.88178e-016	
72	1.305051e-008	-8.88178e-016	5.000000e+000	-8.88178e-016	
73	1.405051e-008	-8.88178e-016	5.000000e+000	-8.88178e-016	
74	1.500100e-008	-8.88178e-016	5.000000e+000	-8.88178e-016	
75	1.500110e-008	0.000000e+000	4.500000e+000	0.000000e+000	
76	1.500130e-008	-8.88178e-016	3.500000e+000	-8.88178e-016	
77	1.500170e-008	0.000000e+000	1.500000e+000	0.000000e+000	
78	1.500200e-008	0.000000e+000	0.000000e+000	0.000000e+000	
79	1.500208e-008	0.000000e+000	0.000000e+000	0.000000e+000	
80	1.500224e-008	0.000000e+000	0.000000e+000	0.000000e+000	
81	1.500256e-008	0.000000e+000	0.000000e+000	0.000000e+000	
82	1.500320e-008	0.000000e+000	0.000000e+000	0.000000e+000	
83	1.500448e-008	0.000000e+000	0.000000e+000	0.000000e+000	
84	1.500704e-008	0.000000e+000	0.000000e+000	0.000000e+000	
85	1.501216e-008	0.000000e+000	0.000000e+000	0.000000e+000	
86	1.502240e-008	0.000000e+000	0.000000e+000	0.000000e+000	
87	1.504288e-008	0.000000e+000	0.000000e+000	0.000000e+000	
88	1.508384e-008	0.000000e+000	0.000000e+000	0.000000e+000	
89	1.516576e-008	0.000000e+000	0.000000e+000	0.000000e+000	
90	1.532960e-008	0.000000e+000	0.000000e+000	0.000000e+000	
91	1.565728e-008	0.000000e+000	0.000000e+000	0.000000e+000	
92	1.631264e-008	0.000000e+000	0.000000e+000	0.000000e+000	
93	1.731264e-008	0.000000e+000	0.000000e+000	0.000000e+000	
94	1.831264e-008	0.000000e+000	0.000000e+000	0.000000e+000	
95	1.931264e-008	0.000000e+000	0.000000e+000	0.000000e+000	
96	2.000000e-008	0.000000e+000	0.000000e+000	0.000000e+000	
97	2.000010e-008	0.000000e+000	5.000000e-001	5.000000e-001	
98	2.000030e-008	-2.22045e-016	1.500000e+000	1.500000e+000	
99	2.000070e-008	-4.44089e-016	3.500000e+000	3.500000e+000	
100	2.000100e-008	-8.88178e-016	5.000000e+000	5.000000e+000	
101	2.000108e-008	-8.88178e-016	5.000000e+000	5.000000e+000	
102	2.000124e-008	-8.88178e-016	5.000000e+000	5.000000e+000	
103	2.000156e-008	-8.88178e-016	5.000000e+000	5.000000e+000	
104	2.000220e-008	-8.88178e-016	5.000000e+000	5.000000e+000	
105	2.000348e-008	-8.88178e-016	5.000000e+000	5.000000e+000	
106	2.000604e-008	-8.88178e-016	5.000000e+000	5.000000e+000	
107	2.001116e-008	-8.88178e-016	5.000000e+000	5.000000e+000	
108	2.002140e-008	-8.88178e-016	5.000000e+000	5.000000e+000	
109	2.004188e-008	-8.88178e-016	5.000000e+000	5.000000e+000	
110	2.008284e-008	-8.88178e-016	5.000000e+000	5.000000e+000	
111	2.016476e-008	-8.88178e-016	5.000000e+000	5.000000e+000	
112	2.032860e-008	-8.88178e-016	5.000000e+000	5.000000e+000	

Index   time            net-_r1-pad1_   net-_r1-pad2_   net-_r2-pad2_   
--------------------------------------------------------------------------------
113	2.065628e-008	-8.88178e-016	5.000000e+000	5.000000e+000	
114	2.131164e-008	-8.88178e-016	5.000000e+000	5.000000e+000	
115	2.231164e-008	-8.88178e-016	5.000000e+000	5.000000e+000	
116	2.331164e-008	-8.88178e-016	5.000000e+000	5.000000e+000	
117	2.431164e-008	-8.88178e-016	5.000000e+000	5.000000e+000	
118	2.500100e-008	0.000000e+000	5.000000e+000	5.000000e+000	
119	2.500110e-008	-8.88178e-016	4.500000e+000	5.000000e+000	
120	2.500130e-008	0.000000e+000	3.500000e+000	5.000000e+000	
121	2.500170e-008	0.000000e+000	1.500000e+000	5.000000e+000	
122	2.500200e-008	0.000000e+000	0.000000e+000	5.000000e+000	
123	2.500208e-008	0.000000e+000	0.000000e+000	5.000000e+000	
124	2.500224e-008	0.000000e+000	0.000000e+000	5.000000e+000	
125	2.500256e-008	0.000000e+000	0.000000e+000	5.000000e+000	
126	2.500320e-008	0.000000e+000	0.000000e+000	5.000000e+000	
127	2.500448e-008	0.000000e+000	0.000000e+000	5.000000e+000	
128	2.500704e-008	0.000000e+000	0.000000e+000	5.000000e+000	
129	2.501216e-008	0.000000e+000	0.000000e+000	5.000000e+000	
130	2.502240e-008	0.000000e+000	0.000000e+000	5.000000e+000	
131	2.504288e-008	0.000000e+000	0.000000e+000	5.000000e+000	
132	2.508384e-008	0.000000e+000	0.000000e+000	5.000000e+000	
133	2.516576e-008	0.000000e+000	0.000000e+000	5.000000e+000	
134	2.532960e-008	0.000000e+000	0.000000e+000	5.000000e+000	
135	2.565728e-008	0.000000e+000	0.000000e+000	5.000000e+000	
136	2.631264e-008	0.000000e+000	0.000000e+000	5.000000e+000	
137	2.731264e-008	0.000000e+000	0.000000e+000	5.000000e+000	
138	2.831264e-008	0.000000e+000	0.000000e+000	5.000000e+000	
139	2.931264e-008	0.000000e+000	0.000000e+000	5.000000e+000	
140	3.000000e-008	0.000000e+000	0.000000e+000	5.000000e+000	
141	3.000010e-008	0.000000e+000	5.000000e-001	5.000000e+000	
142	3.000030e-008	0.000000e+000	1.500000e+000	5.000000e+000	
143	3.000070e-008	0.000000e+000	3.500000e+000	5.000000e+000	
144	3.000100e-008	-8.88178e-016	5.000000e+000	5.000000e+000	
145	3.000108e-008	-8.88178e-016	5.000000e+000	4.600000e+000	
146	3.000124e-008	-8.88178e-016	5.000000e+000	3.800000e+000	
147	3.000156e-008	-8.88178e-016	5.000000e+000	2.200000e+000	
148	3.000200e-008	-8.88178e-016	5.000000e+000	-8.88178e-016	
149	3.000206e-008	-8.88178e-016	5.000000e+000	-8.88178e-016	
150	3.000219e-008	-8.88178e-016	5.000000e+000	-8.88178e-016	
151	3.000245e-008	-8.88178e-016	5.000000e+000	-8.88178e-016	
152	3.000296e-008	-8.88178e-016	5.000000e+000	-8.88178e-016	
153	3.000398e-008	-8.88178e-016	5.000000e+000	-8.88178e-016	
154	3.000603e-008	-8.88178e-016	5.000000e+000	-8.88178e-016	
155	3.001013e-008	-8.88178e-016	5.000000e+000	-8.88178e-016	
156	3.001832e-008	-8.88178e-016	5.000000e+000	-8.88178e-016	
157	3.003470e-008	-8.88178e-016	5.000000e+000	-8.88178e-016	
158	3.006747e-008	-8.88178e-016	5.000000e+000	-8.88178e-016	
159	3.013301e-008	-8.88178e-016	5.000000e+000	-8.88178e-016	
160	3.026408e-008	-8.88178e-016	5.000000e+000	-8.88178e-016	
161	3.052622e-008	-8.88178e-016	5.000000e+000	-8.88178e-016	
162	3.105051e-008	-8.88178e-016	5.000000e+000	-8.88178e-016	
163	3.205051e-008	-8.88178e-016	5.000000e+000	-8.88178e-016	
164	3.305051e-008	-8.88178e-016	5.000000e+000	-8.88178e-016	
165	3.405051e-008	-8.88178e-016	5.000000e+000	-8.88178e-016	
166	3.500100e-008	0.000000e+000	5.000000e+000	0.000000e+000	
167	3.500110e-008	-8.88178e-016	4.500000e+000	-8.88178e-016	
168	3.500130e-008	0.000000e+000	3.500000e+000	0.000000e+000	
169	3.500170e-008	-2.22045e-016	1.500000e+000	-2.22045e-016	
170	3.500200e-008	0.000000e+000	0.000000e+000	0.000000e+000	

Index   time            net-_r1-pad1_   net-_r1-pad2_   net-_r2-pad2_   
--------------------------------------------------------------------------------
171	3.500208e-008	0.000000e+000	0.000000e+000	0.000000e+000	
172	3.500224e-008	0.000000e+000	0.000000e+000	0.000000e+000	
173	3.500256e-008	0.000000e+000	0.000000e+000	0.000000e+000	
174	3.500320e-008	0.000000e+000	0.000000e+000	0.000000e+000	
175	3.500448e-008	0.000000e+000	0.000000e+000	0.000000e+000	
176	3.500704e-008	0.000000e+000	0.000000e+000	0.000000e+000	
177	3.501216e-008	0.000000e+000	0.000000e+000	0.000000e+000	
178	3.502240e-008	0.000000e+000	0.000000e+000	0.000000e+000	
179	3.504288e-008	0.000000e+000	0.000000e+000	0.000000e+000	
180	3.508384e-008	0.000000e+000	0.000000e+000	0.000000e+000	
181	3.516576e-008	0.000000e+000	0.000000e+000	0.000000e+000	
182	3.532960e-008	0.000000e+000	0.000000e+000	0.000000e+000	
183	3.565728e-008	0.000000e+000	0.000000e+000	0.000000e+000	
184	3.631264e-008	0.000000e+000	0.000000e+000	0.000000e+000	
185	3.731264e-008	0.000000e+000	0.000000e+000	0.000000e+000	
186	3.831264e-008	0.000000e+000	0.000000e+000	0.000000e+000	
187	3.931264e-008	0.000000e+000	0.000000e+000	0.000000e+000	
188	4.000000e-008	0.000000e+000	0.000000e+000	0.000000e+000	
189	4.000010e-008	0.000000e+000	5.000000e-001	5.000000e-001	
190	4.000030e-008	0.000000e+000	1.500000e+000	1.500000e+000	
191	4.000070e-008	0.000000e+000	3.500000e+000	3.500000e+000	
192	4.000100e-008	-8.88178e-016	5.000000e+000	5.000000e+000	
193	4.000108e-008	-8.88178e-016	5.000000e+000	5.000000e+000	
194	4.000124e-008	-8.88178e-016	5.000000e+000	5.000000e+000	
195	4.000156e-008	-8.88178e-016	5.000000e+000	5.000000e+000	
196	4.000220e-008	-8.88178e-016	5.000000e+000	5.000000e+000	
197	4.000348e-008	-8.88178e-016	5.000000e+000	5.000000e+000	
198	4.000604e-008	-8.88178e-016	5.000000e+000	5.000000e+000	
199	4.001116e-008	-8.88178e-016	5.000000e+000	5.000000e+000	
200	4.002140e-008	-8.88178e-016	5.000000e+000	5.000000e+000	
201	4.004188e-008	-8.88178e-016	5.000000e+000	5.000000e+000	
202	4.008284e-008	-8.88178e-016	5.000000e+000	5.000000e+000	
203	4.016476e-008	-8.88178e-016	5.000000e+000	5.000000e+000	
204	4.032860e-008	-8.88178e-016	5.000000e+000	5.000000e+000	
205	4.065628e-008	-8.88178e-016	5.000000e+000	5.000000e+000	
206	4.131164e-008	-8.88178e-016	5.000000e+000	5.000000e+000	
207	4.231164e-008	-8.88178e-016	5.000000e+000	5.000000e+000	
208	4.331164e-008	-8.88178e-016	5.000000e+000	5.000000e+000	
209	4.431164e-008	-8.88178e-016	5.000000e+000	5.000000e+000	
210	4.500100e-008	0.000000e+000	5.000000e+000	5.000000e+000	
211	4.500110e-008	-8.88178e-016	4.500000e+000	5.000000e+000	
212	4.500130e-008	0.000000e+000	3.500000e+000	5.000000e+000	
213	4.500170e-008	-2.22045e-016	1.500000e+000	5.000000e+000	
214	4.500200e-008	0.000000e+000	0.000000e+000	5.000000e+000	
215	4.500208e-008	0.000000e+000	0.000000e+000	5.000000e+000	
216	4.500224e-008	0.000000e+000	0.000000e+000	5.000000e+000	
217	4.500256e-008	0.000000e+000	0.000000e+000	5.000000e+000	
218	4.500320e-008	0.000000e+000	0.000000e+000	5.000000e+000	
219	4.500448e-008	0.000000e+000	0.000000e+000	5.000000e+000	
220	4.500704e-008	0.000000e+000	0.000000e+000	5.000000e+000	
221	4.501216e-008	0.000000e+000	0.000000e+000	5.000000e+000	
222	4.502240e-008	0.000000e+000	0.000000e+000	5.000000e+000	
223	4.504288e-008	0.000000e+000	0.000000e+000	5.000000e+000	
224	4.508384e-008	0.000000e+000	0.000000e+000	5.000000e+000	
225	4.516576e-008	0.000000e+000	0.000000e+000	5.000000e+000	
226	4.532960e-008	0.000000e+000	0.000000e+000	5.000000e+000	
227	4.565728e-008	0.000000e+000	0.000000e+000	5.000000e+000	
228	4.631264e-008	0.000000e+000	0.000000e+000	5.000000e+000	

Index   time            net-_r1-pad1_   net-_r1-pad2_   net-_r2-pad2_   
--------------------------------------------------------------------------------
229	4.731264e-008	0.000000e+000	0.000000e+000	5.000000e+000	
230	4.831264e-008	0.000000e+000	0.000000e+000	5.000000e+000	
231	4.931264e-008	0.000000e+000	0.000000e+000	5.000000e+000	
232	5.000000e-008	0.000000e+000	0.000000e+000	5.000000e+000	
233	5.000010e-008	0.000000e+000	5.000000e-001	5.000000e+000	
234	5.000030e-008	0.000000e+000	1.500000e+000	5.000000e+000	
235	5.000070e-008	0.000000e+000	3.500000e+000	5.000000e+000	
236	5.000100e-008	-8.88178e-016	5.000000e+000	5.000000e+000	
237	5.000108e-008	-8.88178e-016	5.000000e+000	4.600000e+000	
238	5.000124e-008	-8.88178e-016	5.000000e+000	3.800000e+000	
239	5.000156e-008	-8.88178e-016	5.000000e+000	2.200000e+000	
240	5.000200e-008	-8.88178e-016	5.000000e+000	-8.88178e-016	
241	5.000206e-008	-8.88178e-016	5.000000e+000	-8.88178e-016	
242	5.000219e-008	-8.88178e-016	5.000000e+000	-8.88178e-016	
243	5.000245e-008	-8.88178e-016	5.000000e+000	-8.88178e-016	
244	5.000296e-008	-8.88178e-016	5.000000e+000	-8.88178e-016	
245	5.000398e-008	-8.88178e-016	5.000000e+000	-8.88178e-016	
246	5.000603e-008	-8.88178e-016	5.000000e+000	-8.88178e-016	
247	5.001013e-008	-8.88178e-016	5.000000e+000	-8.88178e-016	
248	5.001832e-008	-8.88178e-016	5.000000e+000	-8.88178e-016	
249	5.003470e-008	-8.88178e-016	5.000000e+000	-8.88178e-016	
250	5.006747e-008	-8.88178e-016	5.000000e+000	-8.88178e-016	
251	5.013301e-008	-8.88178e-016	5.000000e+000	-8.88178e-016	
252	5.026408e-008	-8.88178e-016	5.000000e+000	-8.88178e-016	
253	5.052622e-008	-8.88178e-016	5.000000e+000	-8.88178e-016	
254	5.105051e-008	-8.88178e-016	5.000000e+000	-8.88178e-016	
255	5.205051e-008	-8.88178e-016	5.000000e+000	-8.88178e-016	
256	5.305051e-008	-8.88178e-016	5.000000e+000	-8.88178e-016	
257	5.405051e-008	-8.88178e-016	5.000000e+000	-8.88178e-016	
258	5.500100e-008	0.000000e+000	5.000000e+000	0.000000e+000	
259	5.500110e-008	-8.88178e-016	4.500000e+000	-8.88178e-016	
260	5.500130e-008	0.000000e+000	3.500000e+000	0.000000e+000	
261	5.500170e-008	-2.22045e-016	1.500000e+000	-2.22045e-016	
262	5.500200e-008	0.000000e+000	0.000000e+000	0.000000e+000	
263	5.500208e-008	0.000000e+000	0.000000e+000	0.000000e+000	
264	5.500224e-008	0.000000e+000	0.000000e+000	0.000000e+000	
265	5.500256e-008	0.000000e+000	0.000000e+000	0.000000e+000	
266	5.500320e-008	0.000000e+000	0.000000e+000	0.000000e+000	
267	5.500448e-008	0.000000e+000	0.000000e+000	0.000000e+000	
268	5.500704e-008	0.000000e+000	0.000000e+000	0.000000e+000	
269	5.501216e-008	0.000000e+000	0.000000e+000	0.000000e+000	
270	5.502240e-008	0.000000e+000	0.000000e+000	0.000000e+000	
271	5.504288e-008	0.000000e+000	0.000000e+000	0.000000e+000	
272	5.508384e-008	0.000000e+000	0.000000e+000	0.000000e+000	
273	5.516576e-008	0.000000e+000	0.000000e+000	0.000000e+000	
274	5.532960e-008	0.000000e+000	0.000000e+000	0.000000e+000	
275	5.565728e-008	0.000000e+000	0.000000e+000	0.000000e+000	
276	5.631264e-008	0.000000e+000	0.000000e+000	0.000000e+000	
277	5.731264e-008	0.000000e+000	0.000000e+000	0.000000e+000	
278	5.831264e-008	0.000000e+000	0.000000e+000	0.000000e+000	
279	5.931264e-008	0.000000e+000	0.000000e+000	0.000000e+000	
280	6.000000e-008	0.000000e+000	0.000000e+000	0.000000e+000	
281	6.000010e-008	0.000000e+000	5.000000e-001	5.000000e-001	
282	6.000030e-008	-2.22045e-016	1.500000e+000	1.500000e+000	
283	6.000070e-008	0.000000e+000	3.500000e+000	3.500000e+000	
284	6.000100e-008	-8.88178e-016	5.000000e+000	5.000000e+000	
285	6.000108e-008	-8.88178e-016	5.000000e+000	5.000000e+000	
286	6.000124e-008	-8.88178e-016	5.000000e+000	5.000000e+000	

Index   time            net-_r1-pad1_   net-_r1-pad2_   net-_r2-pad2_   
--------------------------------------------------------------------------------
287	6.000156e-008	-8.88178e-016	5.000000e+000	5.000000e+000	
288	6.000220e-008	-8.88178e-016	5.000000e+000	5.000000e+000	
289	6.000348e-008	-8.88178e-016	5.000000e+000	5.000000e+000	
290	6.000604e-008	-8.88178e-016	5.000000e+000	5.000000e+000	
291	6.001116e-008	-8.88178e-016	5.000000e+000	5.000000e+000	
292	6.002140e-008	-8.88178e-016	5.000000e+000	5.000000e+000	
293	6.004188e-008	-8.88178e-016	5.000000e+000	5.000000e+000	
294	6.008284e-008	-8.88178e-016	5.000000e+000	5.000000e+000	
295	6.016476e-008	-8.88178e-016	5.000000e+000	5.000000e+000	
296	6.032860e-008	-8.88178e-016	5.000000e+000	5.000000e+000	
297	6.065628e-008	-8.88178e-016	5.000000e+000	5.000000e+000	
298	6.131164e-008	-8.88178e-016	5.000000e+000	5.000000e+000	
299	6.231164e-008	-8.88178e-016	5.000000e+000	5.000000e+000	
300	6.331164e-008	-8.88178e-016	5.000000e+000	5.000000e+000	
301	6.431164e-008	-8.88178e-016	5.000000e+000	5.000000e+000	
302	6.500100e-008	0.000000e+000	5.000000e+000	5.000000e+000	
303	6.500110e-008	0.000000e+000	4.500000e+000	5.000000e+000	
304	6.500130e-008	0.000000e+000	3.500000e+000	5.000000e+000	
305	6.500170e-008	-2.22045e-016	1.500000e+000	5.000000e+000	
306	6.500200e-008	0.000000e+000	0.000000e+000	5.000000e+000	
307	6.500208e-008	0.000000e+000	0.000000e+000	5.000000e+000	
308	6.500224e-008	0.000000e+000	0.000000e+000	5.000000e+000	
309	6.500256e-008	0.000000e+000	0.000000e+000	5.000000e+000	
310	6.500320e-008	0.000000e+000	0.000000e+000	5.000000e+000	
311	6.500448e-008	0.000000e+000	0.000000e+000	5.000000e+000	
312	6.500704e-008	0.000000e+000	0.000000e+000	5.000000e+000	
313	6.501216e-008	0.000000e+000	0.000000e+000	5.000000e+000	
314	6.502240e-008	0.000000e+000	0.000000e+000	5.000000e+000	
315	6.504288e-008	0.000000e+000	0.000000e+000	5.000000e+000	
316	6.508384e-008	0.000000e+000	0.000000e+000	5.000000e+000	
317	6.516576e-008	0.000000e+000	0.000000e+000	5.000000e+000	
318	6.532960e-008	0.000000e+000	0.000000e+000	5.000000e+000	
319	6.565728e-008	0.000000e+000	0.000000e+000	5.000000e+000	
320	6.631264e-008	0.000000e+000	0.000000e+000	5.000000e+000	
321	6.731264e-008	0.000000e+000	0.000000e+000	5.000000e+000	
322	6.831264e-008	0.000000e+000	0.000000e+000	5.000000e+000	
323	6.931264e-008	0.000000e+000	0.000000e+000	5.000000e+000	
324	7.000000e-008	0.000000e+000	0.000000e+000	5.000000e+000	
325	7.000010e-008	0.000000e+000	5.000000e-001	5.000000e+000	
326	7.000030e-008	-2.22045e-016	1.500000e+000	5.000000e+000	
327	7.000070e-008	0.000000e+000	3.500000e+000	5.000000e+000	
328	7.000100e-008	-8.88178e-016	5.000000e+000	5.000000e+000	
329	7.000108e-008	-8.88178e-016	5.000000e+000	4.600000e+000	
330	7.000124e-008	-8.88178e-016	5.000000e+000	3.800000e+000	
331	7.000156e-008	-8.88178e-016	5.000000e+000	2.200000e+000	
332	7.000200e-008	-8.88178e-016	5.000000e+000	-8.88178e-016	
333	7.000206e-008	-8.88178e-016	5.000000e+000	-8.88178e-016	
334	7.000219e-008	-8.88178e-016	5.000000e+000	-8.88178e-016	
335	7.000245e-008	-8.88178e-016	5.000000e+000	-8.88178e-016	
336	7.000296e-008	-8.88178e-016	5.000000e+000	-8.88178e-016	
337	7.000398e-008	-8.88178e-016	5.000000e+000	-8.88178e-016	
338	7.000603e-008	-8.88178e-016	5.000000e+000	-8.88178e-016	
339	7.001013e-008	-8.88178e-016	5.000000e+000	-8.88178e-016	
340	7.001832e-008	-8.88178e-016	5.000000e+000	-8.88178e-016	
341	7.003470e-008	-8.88178e-016	5.000000e+000	-8.88178e-016	
342	7.006747e-008	-8.88178e-016	5.000000e+000	-8.88178e-016	
343	7.013301e-008	-8.88178e-016	5.000000e+000	-8.88178e-016	
344	7.026408e-008	-8.88178e-016	5.000000e+000	-8.88178e-016	

Index   time            net-_r1-pad1_   net-_r1-pad2_   net-_r2-pad2_   
--------------------------------------------------------------------------------
345	7.052622e-008	-8.88178e-016	5.000000e+000	-8.88178e-016	
346	7.105051e-008	-8.88178e-016	5.000000e+000	-8.88178e-016	
347	7.205051e-008	-8.88178e-016	5.000000e+000	-8.88178e-016	
348	7.305051e-008	-8.88178e-016	5.000000e+000	-8.88178e-016	
349	7.405051e-008	-8.88178e-016	5.000000e+000	-8.88178e-016	
350	7.500100e-008	0.000000e+000	5.000000e+000	0.000000e+000	
351	7.500110e-008	0.000000e+000	4.500000e+000	0.000000e+000	
352	7.500130e-008	0.000000e+000	3.500000e+000	0.000000e+000	
353	7.500170e-008	-2.22045e-016	1.500000e+000	-2.22045e-016	
354	7.500200e-008	0.000000e+000	0.000000e+000	0.000000e+000	
355	7.500208e-008	0.000000e+000	0.000000e+000	0.000000e+000	
356	7.500224e-008	0.000000e+000	0.000000e+000	0.000000e+000	
357	7.500256e-008	0.000000e+000	0.000000e+000	0.000000e+000	
358	7.500320e-008	0.000000e+000	0.000000e+000	0.000000e+000	
359	7.500448e-008	0.000000e+000	0.000000e+000	0.000000e+000	
360	7.500704e-008	0.000000e+000	0.000000e+000	0.000000e+000	
361	7.501216e-008	0.000000e+000	0.000000e+000	0.000000e+000	
362	7.502240e-008	0.000000e+000	0.000000e+000	0.000000e+000	
363	7.504288e-008	0.000000e+000	0.000000e+000	0.000000e+000	
364	7.508384e-008	0.000000e+000	0.000000e+000	0.000000e+000	
365	7.516576e-008	0.000000e+000	0.000000e+000	0.000000e+000	
366	7.532960e-008	0.000000e+000	0.000000e+000	0.000000e+000	
367	7.565728e-008	0.000000e+000	0.000000e+000	0.000000e+000	
368	7.631264e-008	0.000000e+000	0.000000e+000	0.000000e+000	
369	7.731264e-008	0.000000e+000	0.000000e+000	0.000000e+000	
370	7.831264e-008	0.000000e+000	0.000000e+000	0.000000e+000	
371	7.931264e-008	0.000000e+000	0.000000e+000	0.000000e+000	
372	8.000000e-008	0.000000e+000	0.000000e+000	0.000000e+000	
373	8.000010e-008	0.000000e+000	5.000000e-001	5.000000e-001	
374	8.000030e-008	-2.22045e-016	1.500000e+000	1.500000e+000	
375	8.000070e-008	0.000000e+000	3.500000e+000	3.500000e+000	
376	8.000100e-008	-8.88178e-016	5.000000e+000	5.000000e+000	
377	8.000108e-008	-8.88178e-016	5.000000e+000	5.000000e+000	
378	8.000124e-008	-8.88178e-016	5.000000e+000	5.000000e+000	
379	8.000156e-008	-8.88178e-016	5.000000e+000	5.000000e+000	
380	8.000220e-008	-8.88178e-016	5.000000e+000	5.000000e+000	
381	8.000348e-008	-8.88178e-016	5.000000e+000	5.000000e+000	
382	8.000604e-008	-8.88178e-016	5.000000e+000	5.000000e+000	
383	8.001116e-008	-8.88178e-016	5.000000e+000	5.000000e+000	
384	8.002140e-008	-8.88178e-016	5.000000e+000	5.000000e+000	
385	8.004188e-008	-8.88178e-016	5.000000e+000	5.000000e+000	
386	8.008284e-008	-8.88178e-016	5.000000e+000	5.000000e+000	
387	8.016476e-008	-8.88178e-016	5.000000e+000	5.000000e+000	
388	8.032860e-008	-8.88178e-016	5.000000e+000	5.000000e+000	
389	8.065628e-008	-8.88178e-016	5.000000e+000	5.000000e+000	
390	8.131164e-008	-8.88178e-016	5.000000e+000	5.000000e+000	
391	8.231164e-008	-8.88178e-016	5.000000e+000	5.000000e+000	
392	8.331164e-008	-8.88178e-016	5.000000e+000	5.000000e+000	
393	8.431164e-008	-8.88178e-016	5.000000e+000	5.000000e+000	
394	8.500100e-008	0.000000e+000	5.000000e+000	5.000000e+000	
395	8.500110e-008	0.000000e+000	4.500000e+000	5.000000e+000	
396	8.500130e-008	0.000000e+000	3.500000e+000	5.000000e+000	
397	8.500170e-008	-2.22045e-016	1.500000e+000	5.000000e+000	
398	8.500200e-008	0.000000e+000	0.000000e+000	5.000000e+000	
399	8.500208e-008	0.000000e+000	0.000000e+000	5.000000e+000	
400	8.500224e-008	0.000000e+000	0.000000e+000	5.000000e+000	
401	8.500256e-008	0.000000e+000	0.000000e+000	5.000000e+000	
402	8.500320e-008	0.000000e+000	0.000000e+000	5.000000e+000	

Index   time            net-_r1-pad1_   net-_r1-pad2_   net-_r2-pad2_   
--------------------------------------------------------------------------------
403	8.500448e-008	0.000000e+000	0.000000e+000	5.000000e+000	
404	8.500704e-008	0.000000e+000	0.000000e+000	5.000000e+000	
405	8.501216e-008	0.000000e+000	0.000000e+000	5.000000e+000	
406	8.502240e-008	0.000000e+000	0.000000e+000	5.000000e+000	
407	8.504288e-008	0.000000e+000	0.000000e+000	5.000000e+000	
408	8.508384e-008	0.000000e+000	0.000000e+000	5.000000e+000	
409	8.516576e-008	0.000000e+000	0.000000e+000	5.000000e+000	
410	8.532960e-008	0.000000e+000	0.000000e+000	5.000000e+000	
411	8.565728e-008	0.000000e+000	0.000000e+000	5.000000e+000	
412	8.631264e-008	0.000000e+000	0.000000e+000	5.000000e+000	
413	8.731264e-008	0.000000e+000	0.000000e+000	5.000000e+000	
414	8.831264e-008	0.000000e+000	0.000000e+000	5.000000e+000	
415	8.931264e-008	0.000000e+000	0.000000e+000	5.000000e+000	
416	9.000000e-008	0.000000e+000	0.000000e+000	5.000000e+000	
417	9.000010e-008	0.000000e+000	5.000000e-001	5.000000e+000	
418	9.000030e-008	-2.22045e-016	1.500000e+000	5.000000e+000	
419	9.000070e-008	0.000000e+000	3.500000e+000	5.000000e+000	
420	9.000100e-008	-8.88178e-016	5.000000e+000	5.000000e+000	
421	9.000108e-008	-8.88178e-016	5.000000e+000	4.600000e+000	
422	9.000124e-008	-8.88178e-016	5.000000e+000	3.800000e+000	
423	9.000156e-008	-8.88178e-016	5.000000e+000	2.200000e+000	
424	9.000200e-008	-8.88178e-016	5.000000e+000	-8.88178e-016	
425	9.000206e-008	-8.88178e-016	5.000000e+000	-8.88178e-016	
426	9.000219e-008	-8.88178e-016	5.000000e+000	-8.88178e-016	
427	9.000245e-008	-8.88178e-016	5.000000e+000	-8.88178e-016	
428	9.000296e-008	-8.88178e-016	5.000000e+000	-8.88178e-016	
429	9.000398e-008	-8.88178e-016	5.000000e+000	-8.88178e-016	
430	9.000603e-008	-8.88178e-016	5.000000e+000	-8.88178e-016	
431	9.001013e-008	-8.88178e-016	5.000000e+000	-8.88178e-016	
432	9.001832e-008	-8.88178e-016	5.000000e+000	-8.88178e-016	
433	9.003470e-008	-8.88178e-016	5.000000e+000	-8.88178e-016	
434	9.006747e-008	-8.88178e-016	5.000000e+000	-8.88178e-016	
435	9.013301e-008	-8.88178e-016	5.000000e+000	-8.88178e-016	
436	9.026408e-008	-8.88178e-016	5.000000e+000	-8.88178e-016	
437	9.052622e-008	-8.88178e-016	5.000000e+000	-8.88178e-016	
438	9.105051e-008	-8.88178e-016	5.000000e+000	-8.88178e-016	
439	9.205051e-008	-8.88178e-016	5.000000e+000	-8.88178e-016	
440	9.305051e-008	-8.88178e-016	5.000000e+000	-8.88178e-016	
441	9.405051e-008	-8.88178e-016	5.000000e+000	-8.88178e-016	
442	9.500100e-008	0.000000e+000	5.000000e+000	0.000000e+000	
443	9.500110e-008	0.000000e+000	4.500000e+000	0.000000e+000	
444	9.500130e-008	0.000000e+000	3.500000e+000	0.000000e+000	
445	9.500170e-008	-2.22045e-016	1.500000e+000	-2.22045e-016	
446	9.500200e-008	0.000000e+000	0.000000e+000	0.000000e+000	
447	9.500208e-008	0.000000e+000	0.000000e+000	0.000000e+000	
448	9.500224e-008	0.000000e+000	0.000000e+000	0.000000e+000	
449	9.500256e-008	0.000000e+000	0.000000e+000	0.000000e+000	
450	9.500320e-008	0.000000e+000	0.000000e+000	0.000000e+000	
451	9.500448e-008	0.000000e+000	0.000000e+000	0.000000e+000	
452	9.500704e-008	0.000000e+000	0.000000e+000	0.000000e+000	
453	9.501216e-008	0.000000e+000	0.000000e+000	0.000000e+000	
454	9.502240e-008	0.000000e+000	0.000000e+000	0.000000e+000	
455	9.504288e-008	0.000000e+000	0.000000e+000	0.000000e+000	
456	9.508384e-008	0.000000e+000	0.000000e+000	0.000000e+000	
457	9.516576e-008	0.000000e+000	0.000000e+000	0.000000e+000	
458	9.532960e-008	0.000000e+000	0.000000e+000	0.000000e+000	
459	9.565728e-008	0.000000e+000	0.000000e+000	0.000000e+000	
460	9.631264e-008	0.000000e+000	0.000000e+000	0.000000e+000	

Index   time            net-_r1-pad1_   net-_r1-pad2_   net-_r2-pad2_   
--------------------------------------------------------------------------------
461	9.731264e-008	0.000000e+000	0.000000e+000	0.000000e+000	
462	9.831264e-008	0.000000e+000	0.000000e+000	0.000000e+000	
463	9.931264e-008	0.000000e+000	0.000000e+000	0.000000e+000	
464	1.000000e-007	0.000000e+000	0.000000e+000	0.000000e+000	

           * c:\users\admin\esim-workspace\priencoder\priencoder.cir
           Transient Analysis  Sat May 15 21:55:02  2021
--------------------------------------------------------------------------------
Index   time            net-_r3-pad2_   net-_r4-pad2_   net-_r5-pad2_   
--------------------------------------------------------------------------------
0	0.000000e+000	0.000000e+000	0.000000e+000	0.000000e+000	
1	1.000000e-014	5.000000e-002	5.000000e-002	0.000000e+000	
2	2.000000e-014	1.000000e-001	1.000000e-001	0.000000e+000	
3	4.000000e-014	2.000000e-001	2.000000e-001	0.000000e+000	
4	8.000000e-014	4.000000e-001	4.000000e-001	0.000000e+000	
5	1.600000e-013	8.000000e-001	8.000000e-001	0.000000e+000	
6	3.200000e-013	1.600000e+000	1.600000e+000	0.000000e+000	
7	6.400000e-013	3.200000e+000	3.200000e+000	0.000000e+000	
8	1.000000e-012	5.000000e+000	5.000000e+000	0.000000e+000	
9	1.064000e-012	5.000000e+000	5.000000e+000	0.000000e+000	
10	1.192000e-012	5.000000e+000	5.000000e+000	0.000000e+000	
11	1.448000e-012	5.000000e+000	5.000000e+000	0.000000e+000	
12	1.960000e-012	5.000000e+000	5.000000e+000	0.000000e+000	
13	2.984000e-012	5.000000e+000	5.000000e+000	0.000000e+000	
14	5.032000e-012	5.000000e+000	5.000000e+000	0.000000e+000	
15	9.128000e-012	5.000000e+000	5.000000e+000	0.000000e+000	
16	1.732000e-011	5.000000e+000	5.000000e+000	0.000000e+000	
17	3.370400e-011	5.000000e+000	5.000000e+000	0.000000e+000	
18	6.647200e-011	5.000000e+000	5.000000e+000	0.000000e+000	
19	1.320080e-010	5.000000e+000	5.000000e+000	0.000000e+000	
20	2.630800e-010	5.000000e+000	5.000000e+000	0.000000e+000	
21	5.252240e-010	5.000000e+000	5.000000e+000	0.000000e+000	
22	1.049512e-009	5.000000e+000	5.000000e+000	0.000000e+000	
23	2.049512e-009	5.000000e+000	5.000000e+000	0.000000e+000	
24	3.049512e-009	5.000000e+000	5.000000e+000	0.000000e+000	
25	4.049512e-009	5.000000e+000	5.000000e+000	0.000000e+000	
26	5.001000e-009	5.000000e+000	5.000000e+000	0.000000e+000	
27	5.001100e-009	4.500000e+000	5.000000e+000	0.000000e+000	
28	5.001300e-009	3.500000e+000	5.000000e+000	0.000000e+000	
29	5.001700e-009	1.500000e+000	5.000000e+000	0.000000e+000	
30	5.002000e-009	0.000000e+000	5.000000e+000	0.000000e+000	
31	5.002080e-009	0.000000e+000	5.000000e+000	0.000000e+000	
32	5.002240e-009	0.000000e+000	5.000000e+000	0.000000e+000	
33	5.002560e-009	0.000000e+000	5.000000e+000	0.000000e+000	
34	5.003200e-009	0.000000e+000	5.000000e+000	0.000000e+000	
35	5.004480e-009	0.000000e+000	5.000000e+000	0.000000e+000	
36	5.007040e-009	0.000000e+000	5.000000e+000	0.000000e+000	
37	5.012160e-009	0.000000e+000	5.000000e+000	0.000000e+000	
38	5.022400e-009	0.000000e+000	5.000000e+000	0.000000e+000	
39	5.042880e-009	0.000000e+000	5.000000e+000	0.000000e+000	
40	5.083840e-009	0.000000e+000	5.000000e+000	0.000000e+000	
41	5.165760e-009	0.000000e+000	5.000000e+000	0.000000e+000	
42	5.329600e-009	0.000000e+000	5.000000e+000	0.000000e+000	
43	5.657280e-009	0.000000e+000	5.000000e+000	0.000000e+000	
44	6.312640e-009	0.000000e+000	5.000000e+000	0.000000e+000	
45	7.312640e-009	0.000000e+000	5.000000e+000	0.000000e+000	
46	8.312640e-009	0.000000e+000	5.000000e+000	0.000000e+000	
47	9.312640e-009	0.000000e+000	5.000000e+000	0.000000e+000	
48	1.000000e-008	0.000000e+000	5.000000e+000	0.000000e+000	
49	1.000010e-008	5.000000e-001	5.000000e+000	0.000000e+000	
50	1.000030e-008	1.500000e+000	5.000000e+000	0.000000e+000	
51	1.000070e-008	3.500000e+000	5.000000e+000	0.000000e+000	
52	1.000100e-008	5.000000e+000	5.000000e+000	0.000000e+000	
53	1.000108e-008	5.000000e+000	4.600000e+000	0.000000e+000	
54	1.000124e-008	5.000000e+000	3.800000e+000	0.000000e+000	

Index   time            net-_r3-pad2_   net-_r4-pad2_   net-_r5-pad2_   
--------------------------------------------------------------------------------
55	1.000156e-008	5.000000e+000	2.200000e+000	0.000000e+000	
56	1.000200e-008	5.000000e+000	-8.88178e-016	0.000000e+000	
57	1.000206e-008	5.000000e+000	-8.88178e-016	0.000000e+000	
58	1.000219e-008	5.000000e+000	-8.88178e-016	0.000000e+000	
59	1.000245e-008	5.000000e+000	-8.88178e-016	0.000000e+000	
60	1.000296e-008	5.000000e+000	-8.88178e-016	0.000000e+000	
61	1.000398e-008	5.000000e+000	-8.88178e-016	0.000000e+000	
62	1.000603e-008	5.000000e+000	-8.88178e-016	0.000000e+000	
63	1.001013e-008	5.000000e+000	-8.88178e-016	0.000000e+000	
64	1.001832e-008	5.000000e+000	-8.88178e-016	0.000000e+000	
65	1.003470e-008	5.000000e+000	-8.88178e-016	0.000000e+000	
66	1.006747e-008	5.000000e+000	-8.88178e-016	0.000000e+000	
67	1.013301e-008	5.000000e+000	-8.88178e-016	0.000000e+000	
68	1.026408e-008	5.000000e+000	-8.88178e-016	0.000000e+000	
69	1.052622e-008	5.000000e+000	-8.88178e-016	0.000000e+000	
70	1.105051e-008	5.000000e+000	-8.88178e-016	0.000000e+000	
71	1.205051e-008	5.000000e+000	-8.88178e-016	0.000000e+000	
72	1.305051e-008	5.000000e+000	-8.88178e-016	0.000000e+000	
73	1.405051e-008	5.000000e+000	-8.88178e-016	0.000000e+000	
74	1.500100e-008	5.000000e+000	-8.88178e-016	0.000000e+000	
75	1.500110e-008	4.500000e+000	0.000000e+000	0.000000e+000	
76	1.500130e-008	3.500000e+000	-8.88178e-016	0.000000e+000	
77	1.500170e-008	1.500000e+000	0.000000e+000	0.000000e+000	
78	1.500200e-008	0.000000e+000	0.000000e+000	0.000000e+000	
79	1.500208e-008	0.000000e+000	0.000000e+000	0.000000e+000	
80	1.500224e-008	0.000000e+000	0.000000e+000	0.000000e+000	
81	1.500256e-008	0.000000e+000	0.000000e+000	0.000000e+000	
82	1.500320e-008	0.000000e+000	0.000000e+000	0.000000e+000	
83	1.500448e-008	0.000000e+000	0.000000e+000	0.000000e+000	
84	1.500704e-008	0.000000e+000	0.000000e+000	0.000000e+000	
85	1.501216e-008	0.000000e+000	0.000000e+000	0.000000e+000	
86	1.502240e-008	0.000000e+000	0.000000e+000	0.000000e+000	
87	1.504288e-008	0.000000e+000	0.000000e+000	0.000000e+000	
88	1.508384e-008	0.000000e+000	0.000000e+000	0.000000e+000	
89	1.516576e-008	0.000000e+000	0.000000e+000	0.000000e+000	
90	1.532960e-008	0.000000e+000	0.000000e+000	0.000000e+000	
91	1.565728e-008	0.000000e+000	0.000000e+000	0.000000e+000	
92	1.631264e-008	0.000000e+000	0.000000e+000	0.000000e+000	
93	1.731264e-008	0.000000e+000	0.000000e+000	0.000000e+000	
94	1.831264e-008	0.000000e+000	0.000000e+000	0.000000e+000	
95	1.931264e-008	0.000000e+000	0.000000e+000	0.000000e+000	
96	2.000000e-008	0.000000e+000	0.000000e+000	0.000000e+000	
97	2.000010e-008	5.000000e-001	5.000000e-001	0.000000e+000	
98	2.000030e-008	1.500000e+000	1.500000e+000	0.000000e+000	
99	2.000070e-008	3.500000e+000	3.500000e+000	0.000000e+000	
100	2.000100e-008	5.000000e+000	5.000000e+000	0.000000e+000	
101	2.000108e-008	5.000000e+000	5.000000e+000	0.000000e+000	
102	2.000124e-008	5.000000e+000	5.000000e+000	0.000000e+000	
103	2.000156e-008	5.000000e+000	5.000000e+000	0.000000e+000	
104	2.000220e-008	5.000000e+000	5.000000e+000	0.000000e+000	
105	2.000348e-008	5.000000e+000	5.000000e+000	0.000000e+000	
106	2.000604e-008	5.000000e+000	5.000000e+000	0.000000e+000	
107	2.001116e-008	5.000000e+000	5.000000e+000	0.000000e+000	
108	2.002140e-008	5.000000e+000	5.000000e+000	0.000000e+000	
109	2.004188e-008	5.000000e+000	5.000000e+000	0.000000e+000	
110	2.008284e-008	5.000000e+000	5.000000e+000	0.000000e+000	
111	2.016476e-008	5.000000e+000	5.000000e+000	0.000000e+000	
112	2.032860e-008	5.000000e+000	5.000000e+000	0.000000e+000	

Index   time            net-_r3-pad2_   net-_r4-pad2_   net-_r5-pad2_   
--------------------------------------------------------------------------------
113	2.065628e-008	5.000000e+000	5.000000e+000	0.000000e+000	
114	2.131164e-008	5.000000e+000	5.000000e+000	0.000000e+000	
115	2.231164e-008	5.000000e+000	5.000000e+000	0.000000e+000	
116	2.331164e-008	5.000000e+000	5.000000e+000	0.000000e+000	
117	2.431164e-008	5.000000e+000	5.000000e+000	0.000000e+000	
118	2.500100e-008	5.000000e+000	5.000000e+000	0.000000e+000	
119	2.500110e-008	4.500000e+000	5.000000e+000	0.000000e+000	
120	2.500130e-008	3.500000e+000	5.000000e+000	0.000000e+000	
121	2.500170e-008	1.500000e+000	5.000000e+000	0.000000e+000	
122	2.500200e-008	0.000000e+000	5.000000e+000	0.000000e+000	
123	2.500208e-008	0.000000e+000	5.000000e+000	0.000000e+000	
124	2.500224e-008	0.000000e+000	5.000000e+000	0.000000e+000	
125	2.500256e-008	0.000000e+000	5.000000e+000	0.000000e+000	
126	2.500320e-008	0.000000e+000	5.000000e+000	0.000000e+000	
127	2.500448e-008	0.000000e+000	5.000000e+000	0.000000e+000	
128	2.500704e-008	0.000000e+000	5.000000e+000	0.000000e+000	
129	2.501216e-008	0.000000e+000	5.000000e+000	0.000000e+000	
130	2.502240e-008	0.000000e+000	5.000000e+000	0.000000e+000	
131	2.504288e-008	0.000000e+000	5.000000e+000	0.000000e+000	
132	2.508384e-008	0.000000e+000	5.000000e+000	0.000000e+000	
133	2.516576e-008	0.000000e+000	5.000000e+000	0.000000e+000	
134	2.532960e-008	0.000000e+000	5.000000e+000	0.000000e+000	
135	2.565728e-008	0.000000e+000	5.000000e+000	0.000000e+000	
136	2.631264e-008	0.000000e+000	5.000000e+000	0.000000e+000	
137	2.731264e-008	0.000000e+000	5.000000e+000	0.000000e+000	
138	2.831264e-008	0.000000e+000	5.000000e+000	0.000000e+000	
139	2.931264e-008	0.000000e+000	5.000000e+000	0.000000e+000	
140	3.000000e-008	0.000000e+000	5.000000e+000	0.000000e+000	
141	3.000010e-008	5.000000e-001	5.000000e+000	0.000000e+000	
142	3.000030e-008	1.500000e+000	5.000000e+000	0.000000e+000	
143	3.000070e-008	3.500000e+000	5.000000e+000	0.000000e+000	
144	3.000100e-008	5.000000e+000	5.000000e+000	0.000000e+000	
145	3.000108e-008	5.000000e+000	4.600000e+000	0.000000e+000	
146	3.000124e-008	5.000000e+000	3.800000e+000	0.000000e+000	
147	3.000156e-008	5.000000e+000	2.200000e+000	0.000000e+000	
148	3.000200e-008	5.000000e+000	-8.88178e-016	0.000000e+000	
149	3.000206e-008	5.000000e+000	-8.88178e-016	0.000000e+000	
150	3.000219e-008	5.000000e+000	-8.88178e-016	0.000000e+000	
151	3.000245e-008	5.000000e+000	-8.88178e-016	0.000000e+000	
152	3.000296e-008	5.000000e+000	-8.88178e-016	0.000000e+000	
153	3.000398e-008	5.000000e+000	-8.88178e-016	0.000000e+000	
154	3.000603e-008	5.000000e+000	-8.88178e-016	0.000000e+000	
155	3.001013e-008	5.000000e+000	-8.88178e-016	0.000000e+000	
156	3.001832e-008	5.000000e+000	-8.88178e-016	0.000000e+000	
157	3.003470e-008	5.000000e+000	-8.88178e-016	0.000000e+000	
158	3.006747e-008	5.000000e+000	-8.88178e-016	0.000000e+000	
159	3.013301e-008	5.000000e+000	-8.88178e-016	0.000000e+000	
160	3.026408e-008	5.000000e+000	-8.88178e-016	0.000000e+000	
161	3.052622e-008	5.000000e+000	-8.88178e-016	0.000000e+000	
162	3.105051e-008	5.000000e+000	-8.88178e-016	0.000000e+000	
163	3.205051e-008	5.000000e+000	-8.88178e-016	0.000000e+000	
164	3.305051e-008	5.000000e+000	-8.88178e-016	0.000000e+000	
165	3.405051e-008	5.000000e+000	-8.88178e-016	0.000000e+000	
166	3.500100e-008	5.000000e+000	0.000000e+000	0.000000e+000	
167	3.500110e-008	4.500000e+000	-8.88178e-016	0.000000e+000	
168	3.500130e-008	3.500000e+000	0.000000e+000	0.000000e+000	
169	3.500170e-008	1.500000e+000	-2.22045e-016	0.000000e+000	
170	3.500200e-008	0.000000e+000	0.000000e+000	0.000000e+000	

Index   time            net-_r3-pad2_   net-_r4-pad2_   net-_r5-pad2_   
--------------------------------------------------------------------------------
171	3.500208e-008	0.000000e+000	0.000000e+000	0.000000e+000	
172	3.500224e-008	0.000000e+000	0.000000e+000	0.000000e+000	
173	3.500256e-008	0.000000e+000	0.000000e+000	0.000000e+000	
174	3.500320e-008	0.000000e+000	0.000000e+000	0.000000e+000	
175	3.500448e-008	0.000000e+000	0.000000e+000	0.000000e+000	
176	3.500704e-008	0.000000e+000	0.000000e+000	0.000000e+000	
177	3.501216e-008	0.000000e+000	0.000000e+000	0.000000e+000	
178	3.502240e-008	0.000000e+000	0.000000e+000	0.000000e+000	
179	3.504288e-008	0.000000e+000	0.000000e+000	0.000000e+000	
180	3.508384e-008	0.000000e+000	0.000000e+000	0.000000e+000	
181	3.516576e-008	0.000000e+000	0.000000e+000	0.000000e+000	
182	3.532960e-008	0.000000e+000	0.000000e+000	0.000000e+000	
183	3.565728e-008	0.000000e+000	0.000000e+000	0.000000e+000	
184	3.631264e-008	0.000000e+000	0.000000e+000	0.000000e+000	
185	3.731264e-008	0.000000e+000	0.000000e+000	0.000000e+000	
186	3.831264e-008	0.000000e+000	0.000000e+000	0.000000e+000	
187	3.931264e-008	0.000000e+000	0.000000e+000	0.000000e+000	
188	4.000000e-008	0.000000e+000	0.000000e+000	0.000000e+000	
189	4.000010e-008	5.000000e-001	5.000000e-001	0.000000e+000	
190	4.000030e-008	1.500000e+000	1.500000e+000	0.000000e+000	
191	4.000070e-008	3.500000e+000	3.500000e+000	0.000000e+000	
192	4.000100e-008	5.000000e+000	5.000000e+000	0.000000e+000	
193	4.000108e-008	5.000000e+000	5.000000e+000	0.000000e+000	
194	4.000124e-008	5.000000e+000	5.000000e+000	0.000000e+000	
195	4.000156e-008	5.000000e+000	5.000000e+000	0.000000e+000	
196	4.000220e-008	5.000000e+000	5.000000e+000	0.000000e+000	
197	4.000348e-008	5.000000e+000	5.000000e+000	0.000000e+000	
198	4.000604e-008	5.000000e+000	5.000000e+000	0.000000e+000	
199	4.001116e-008	5.000000e+000	5.000000e+000	0.000000e+000	
200	4.002140e-008	5.000000e+000	5.000000e+000	0.000000e+000	
201	4.004188e-008	5.000000e+000	5.000000e+000	0.000000e+000	
202	4.008284e-008	5.000000e+000	5.000000e+000	0.000000e+000	
203	4.016476e-008	5.000000e+000	5.000000e+000	0.000000e+000	
204	4.032860e-008	5.000000e+000	5.000000e+000	0.000000e+000	
205	4.065628e-008	5.000000e+000	5.000000e+000	0.000000e+000	
206	4.131164e-008	5.000000e+000	5.000000e+000	0.000000e+000	
207	4.231164e-008	5.000000e+000	5.000000e+000	0.000000e+000	
208	4.331164e-008	5.000000e+000	5.000000e+000	0.000000e+000	
209	4.431164e-008	5.000000e+000	5.000000e+000	0.000000e+000	
210	4.500100e-008	5.000000e+000	5.000000e+000	0.000000e+000	
211	4.500110e-008	4.500000e+000	5.000000e+000	0.000000e+000	
212	4.500130e-008	3.500000e+000	5.000000e+000	0.000000e+000	
213	4.500170e-008	1.500000e+000	5.000000e+000	0.000000e+000	
214	4.500200e-008	0.000000e+000	5.000000e+000	0.000000e+000	
215	4.500208e-008	0.000000e+000	5.000000e+000	0.000000e+000	
216	4.500224e-008	0.000000e+000	5.000000e+000	0.000000e+000	
217	4.500256e-008	0.000000e+000	5.000000e+000	0.000000e+000	
218	4.500320e-008	0.000000e+000	5.000000e+000	0.000000e+000	
219	4.500448e-008	0.000000e+000	5.000000e+000	0.000000e+000	
220	4.500704e-008	0.000000e+000	5.000000e+000	0.000000e+000	
221	4.501216e-008	0.000000e+000	5.000000e+000	0.000000e+000	
222	4.502240e-008	0.000000e+000	5.000000e+000	0.000000e+000	
223	4.504288e-008	0.000000e+000	5.000000e+000	0.000000e+000	
224	4.508384e-008	0.000000e+000	5.000000e+000	0.000000e+000	
225	4.516576e-008	0.000000e+000	5.000000e+000	0.000000e+000	
226	4.532960e-008	0.000000e+000	5.000000e+000	0.000000e+000	
227	4.565728e-008	0.000000e+000	5.000000e+000	0.000000e+000	
228	4.631264e-008	0.000000e+000	5.000000e+000	0.000000e+000	

Index   time            net-_r3-pad2_   net-_r4-pad2_   net-_r5-pad2_   
--------------------------------------------------------------------------------
229	4.731264e-008	0.000000e+000	5.000000e+000	0.000000e+000	
230	4.831264e-008	0.000000e+000	5.000000e+000	0.000000e+000	
231	4.931264e-008	0.000000e+000	5.000000e+000	0.000000e+000	
232	5.000000e-008	0.000000e+000	5.000000e+000	0.000000e+000	
233	5.000010e-008	5.000000e-001	5.000000e+000	0.000000e+000	
234	5.000030e-008	1.500000e+000	5.000000e+000	0.000000e+000	
235	5.000070e-008	3.500000e+000	5.000000e+000	0.000000e+000	
236	5.000100e-008	5.000000e+000	5.000000e+000	0.000000e+000	
237	5.000108e-008	5.000000e+000	4.600000e+000	0.000000e+000	
238	5.000124e-008	5.000000e+000	3.800000e+000	0.000000e+000	
239	5.000156e-008	5.000000e+000	2.200000e+000	0.000000e+000	
240	5.000200e-008	5.000000e+000	-8.88178e-016	0.000000e+000	
241	5.000206e-008	5.000000e+000	-8.88178e-016	0.000000e+000	
242	5.000219e-008	5.000000e+000	-8.88178e-016	0.000000e+000	
243	5.000245e-008	5.000000e+000	-8.88178e-016	0.000000e+000	
244	5.000296e-008	5.000000e+000	-8.88178e-016	0.000000e+000	
245	5.000398e-008	5.000000e+000	-8.88178e-016	0.000000e+000	
246	5.000603e-008	5.000000e+000	-8.88178e-016	0.000000e+000	
247	5.001013e-008	5.000000e+000	-8.88178e-016	0.000000e+000	
248	5.001832e-008	5.000000e+000	-8.88178e-016	0.000000e+000	
249	5.003470e-008	5.000000e+000	-8.88178e-016	0.000000e+000	
250	5.006747e-008	5.000000e+000	-8.88178e-016	0.000000e+000	
251	5.013301e-008	5.000000e+000	-8.88178e-016	0.000000e+000	
252	5.026408e-008	5.000000e+000	-8.88178e-016	0.000000e+000	
253	5.052622e-008	5.000000e+000	-8.88178e-016	0.000000e+000	
254	5.105051e-008	5.000000e+000	-8.88178e-016	0.000000e+000	
255	5.205051e-008	5.000000e+000	-8.88178e-016	0.000000e+000	
256	5.305051e-008	5.000000e+000	-8.88178e-016	0.000000e+000	
257	5.405051e-008	5.000000e+000	-8.88178e-016	0.000000e+000	
258	5.500100e-008	5.000000e+000	0.000000e+000	0.000000e+000	
259	5.500110e-008	4.500000e+000	-8.88178e-016	0.000000e+000	
260	5.500130e-008	3.500000e+000	0.000000e+000	0.000000e+000	
261	5.500170e-008	1.500000e+000	-2.22045e-016	0.000000e+000	
262	5.500200e-008	0.000000e+000	0.000000e+000	0.000000e+000	
263	5.500208e-008	0.000000e+000	0.000000e+000	0.000000e+000	
264	5.500224e-008	0.000000e+000	0.000000e+000	0.000000e+000	
265	5.500256e-008	0.000000e+000	0.000000e+000	0.000000e+000	
266	5.500320e-008	0.000000e+000	0.000000e+000	0.000000e+000	
267	5.500448e-008	0.000000e+000	0.000000e+000	0.000000e+000	
268	5.500704e-008	0.000000e+000	0.000000e+000	0.000000e+000	
269	5.501216e-008	0.000000e+000	0.000000e+000	0.000000e+000	
270	5.502240e-008	0.000000e+000	0.000000e+000	0.000000e+000	
271	5.504288e-008	0.000000e+000	0.000000e+000	0.000000e+000	
272	5.508384e-008	0.000000e+000	0.000000e+000	0.000000e+000	
273	5.516576e-008	0.000000e+000	0.000000e+000	0.000000e+000	
274	5.532960e-008	0.000000e+000	0.000000e+000	0.000000e+000	
275	5.565728e-008	0.000000e+000	0.000000e+000	0.000000e+000	
276	5.631264e-008	0.000000e+000	0.000000e+000	0.000000e+000	
277	5.731264e-008	0.000000e+000	0.000000e+000	0.000000e+000	
278	5.831264e-008	0.000000e+000	0.000000e+000	0.000000e+000	
279	5.931264e-008	0.000000e+000	0.000000e+000	0.000000e+000	
280	6.000000e-008	0.000000e+000	0.000000e+000	0.000000e+000	
281	6.000010e-008	5.000000e-001	5.000000e-001	0.000000e+000	
282	6.000030e-008	1.500000e+000	1.500000e+000	0.000000e+000	
283	6.000070e-008	3.500000e+000	3.500000e+000	0.000000e+000	
284	6.000100e-008	5.000000e+000	5.000000e+000	0.000000e+000	
285	6.000108e-008	5.000000e+000	5.000000e+000	0.000000e+000	
286	6.000124e-008	5.000000e+000	5.000000e+000	0.000000e+000	

Index   time            net-_r3-pad2_   net-_r4-pad2_   net-_r5-pad2_   
--------------------------------------------------------------------------------
287	6.000156e-008	5.000000e+000	5.000000e+000	0.000000e+000	
288	6.000220e-008	5.000000e+000	5.000000e+000	0.000000e+000	
289	6.000348e-008	5.000000e+000	5.000000e+000	0.000000e+000	
290	6.000604e-008	5.000000e+000	5.000000e+000	0.000000e+000	
291	6.001116e-008	5.000000e+000	5.000000e+000	0.000000e+000	
292	6.002140e-008	5.000000e+000	5.000000e+000	0.000000e+000	
293	6.004188e-008	5.000000e+000	5.000000e+000	0.000000e+000	
294	6.008284e-008	5.000000e+000	5.000000e+000	0.000000e+000	
295	6.016476e-008	5.000000e+000	5.000000e+000	0.000000e+000	
296	6.032860e-008	5.000000e+000	5.000000e+000	0.000000e+000	
297	6.065628e-008	5.000000e+000	5.000000e+000	0.000000e+000	
298	6.131164e-008	5.000000e+000	5.000000e+000	0.000000e+000	
299	6.231164e-008	5.000000e+000	5.000000e+000	0.000000e+000	
300	6.331164e-008	5.000000e+000	5.000000e+000	0.000000e+000	
301	6.431164e-008	5.000000e+000	5.000000e+000	0.000000e+000	
302	6.500100e-008	5.000000e+000	5.000000e+000	0.000000e+000	
303	6.500110e-008	4.500000e+000	5.000000e+000	0.000000e+000	
304	6.500130e-008	3.500000e+000	5.000000e+000	0.000000e+000	
305	6.500170e-008	1.500000e+000	5.000000e+000	0.000000e+000	
306	6.500200e-008	0.000000e+000	5.000000e+000	0.000000e+000	
307	6.500208e-008	0.000000e+000	5.000000e+000	0.000000e+000	
308	6.500224e-008	0.000000e+000	5.000000e+000	0.000000e+000	
309	6.500256e-008	0.000000e+000	5.000000e+000	0.000000e+000	
310	6.500320e-008	0.000000e+000	5.000000e+000	0.000000e+000	
311	6.500448e-008	0.000000e+000	5.000000e+000	0.000000e+000	
312	6.500704e-008	0.000000e+000	5.000000e+000	0.000000e+000	
313	6.501216e-008	0.000000e+000	5.000000e+000	0.000000e+000	
314	6.502240e-008	0.000000e+000	5.000000e+000	0.000000e+000	
315	6.504288e-008	0.000000e+000	5.000000e+000	0.000000e+000	
316	6.508384e-008	0.000000e+000	5.000000e+000	0.000000e+000	
317	6.516576e-008	0.000000e+000	5.000000e+000	0.000000e+000	
318	6.532960e-008	0.000000e+000	5.000000e+000	0.000000e+000	
319	6.565728e-008	0.000000e+000	5.000000e+000	0.000000e+000	
320	6.631264e-008	0.000000e+000	5.000000e+000	0.000000e+000	
321	6.731264e-008	0.000000e+000	5.000000e+000	0.000000e+000	
322	6.831264e-008	0.000000e+000	5.000000e+000	0.000000e+000	
323	6.931264e-008	0.000000e+000	5.000000e+000	0.000000e+000	
324	7.000000e-008	0.000000e+000	5.000000e+000	0.000000e+000	
325	7.000010e-008	5.000000e-001	5.000000e+000	0.000000e+000	
326	7.000030e-008	1.500000e+000	5.000000e+000	0.000000e+000	
327	7.000070e-008	3.500000e+000	5.000000e+000	0.000000e+000	
328	7.000100e-008	5.000000e+000	5.000000e+000	0.000000e+000	
329	7.000108e-008	5.000000e+000	4.600000e+000	0.000000e+000	
330	7.000124e-008	5.000000e+000	3.800000e+000	0.000000e+000	
331	7.000156e-008	5.000000e+000	2.200000e+000	0.000000e+000	
332	7.000200e-008	5.000000e+000	-8.88178e-016	0.000000e+000	
333	7.000206e-008	5.000000e+000	-8.88178e-016	0.000000e+000	
334	7.000219e-008	5.000000e+000	-8.88178e-016	0.000000e+000	
335	7.000245e-008	5.000000e+000	-8.88178e-016	0.000000e+000	
336	7.000296e-008	5.000000e+000	-8.88178e-016	0.000000e+000	
337	7.000398e-008	5.000000e+000	-8.88178e-016	0.000000e+000	
338	7.000603e-008	5.000000e+000	-8.88178e-016	0.000000e+000	
339	7.001013e-008	5.000000e+000	-8.88178e-016	0.000000e+000	
340	7.001832e-008	5.000000e+000	-8.88178e-016	0.000000e+000	
341	7.003470e-008	5.000000e+000	-8.88178e-016	0.000000e+000	
342	7.006747e-008	5.000000e+000	-8.88178e-016	0.000000e+000	
343	7.013301e-008	5.000000e+000	-8.88178e-016	0.000000e+000	
344	7.026408e-008	5.000000e+000	-8.88178e-016	0.000000e+000	

Index   time            net-_r3-pad2_   net-_r4-pad2_   net-_r5-pad2_   
--------------------------------------------------------------------------------
345	7.052622e-008	5.000000e+000	-8.88178e-016	0.000000e+000	
346	7.105051e-008	5.000000e+000	-8.88178e-016	0.000000e+000	
347	7.205051e-008	5.000000e+000	-8.88178e-016	0.000000e+000	
348	7.305051e-008	5.000000e+000	-8.88178e-016	0.000000e+000	
349	7.405051e-008	5.000000e+000	-8.88178e-016	0.000000e+000	
350	7.500100e-008	5.000000e+000	0.000000e+000	0.000000e+000	
351	7.500110e-008	4.500000e+000	0.000000e+000	0.000000e+000	
352	7.500130e-008	3.500000e+000	0.000000e+000	0.000000e+000	
353	7.500170e-008	1.500000e+000	-2.22045e-016	0.000000e+000	
354	7.500200e-008	0.000000e+000	0.000000e+000	0.000000e+000	
355	7.500208e-008	0.000000e+000	0.000000e+000	0.000000e+000	
356	7.500224e-008	0.000000e+000	0.000000e+000	0.000000e+000	
357	7.500256e-008	0.000000e+000	0.000000e+000	0.000000e+000	
358	7.500320e-008	0.000000e+000	0.000000e+000	0.000000e+000	
359	7.500448e-008	0.000000e+000	0.000000e+000	0.000000e+000	
360	7.500704e-008	0.000000e+000	0.000000e+000	0.000000e+000	
361	7.501216e-008	0.000000e+000	0.000000e+000	0.000000e+000	
362	7.502240e-008	0.000000e+000	0.000000e+000	0.000000e+000	
363	7.504288e-008	0.000000e+000	0.000000e+000	0.000000e+000	
364	7.508384e-008	0.000000e+000	0.000000e+000	0.000000e+000	
365	7.516576e-008	0.000000e+000	0.000000e+000	0.000000e+000	
366	7.532960e-008	0.000000e+000	0.000000e+000	0.000000e+000	
367	7.565728e-008	0.000000e+000	0.000000e+000	0.000000e+000	
368	7.631264e-008	0.000000e+000	0.000000e+000	0.000000e+000	
369	7.731264e-008	0.000000e+000	0.000000e+000	0.000000e+000	
370	7.831264e-008	0.000000e+000	0.000000e+000	0.000000e+000	
371	7.931264e-008	0.000000e+000	0.000000e+000	0.000000e+000	
372	8.000000e-008	0.000000e+000	0.000000e+000	0.000000e+000	
373	8.000010e-008	5.000000e-001	5.000000e-001	0.000000e+000	
374	8.000030e-008	1.500000e+000	1.500000e+000	0.000000e+000	
375	8.000070e-008	3.500000e+000	3.500000e+000	0.000000e+000	
376	8.000100e-008	5.000000e+000	5.000000e+000	0.000000e+000	
377	8.000108e-008	5.000000e+000	5.000000e+000	0.000000e+000	
378	8.000124e-008	5.000000e+000	5.000000e+000	0.000000e+000	
379	8.000156e-008	5.000000e+000	5.000000e+000	0.000000e+000	
380	8.000220e-008	5.000000e+000	5.000000e+000	0.000000e+000	
381	8.000348e-008	5.000000e+000	5.000000e+000	0.000000e+000	
382	8.000604e-008	5.000000e+000	5.000000e+000	0.000000e+000	
383	8.001116e-008	5.000000e+000	5.000000e+000	0.000000e+000	
384	8.002140e-008	5.000000e+000	5.000000e+000	0.000000e+000	
385	8.004188e-008	5.000000e+000	5.000000e+000	0.000000e+000	
386	8.008284e-008	5.000000e+000	5.000000e+000	0.000000e+000	
387	8.016476e-008	5.000000e+000	5.000000e+000	0.000000e+000	
388	8.032860e-008	5.000000e+000	5.000000e+000	0.000000e+000	
389	8.065628e-008	5.000000e+000	5.000000e+000	0.000000e+000	
390	8.131164e-008	5.000000e+000	5.000000e+000	0.000000e+000	
391	8.231164e-008	5.000000e+000	5.000000e+000	0.000000e+000	
392	8.331164e-008	5.000000e+000	5.000000e+000	0.000000e+000	
393	8.431164e-008	5.000000e+000	5.000000e+000	0.000000e+000	
394	8.500100e-008	5.000000e+000	5.000000e+000	0.000000e+000	
395	8.500110e-008	4.500000e+000	5.000000e+000	0.000000e+000	
396	8.500130e-008	3.500000e+000	5.000000e+000	0.000000e+000	
397	8.500170e-008	1.500000e+000	5.000000e+000	0.000000e+000	
398	8.500200e-008	0.000000e+000	5.000000e+000	0.000000e+000	
399	8.500208e-008	0.000000e+000	5.000000e+000	0.000000e+000	
400	8.500224e-008	0.000000e+000	5.000000e+000	0.000000e+000	
401	8.500256e-008	0.000000e+000	5.000000e+000	0.000000e+000	
402	8.500320e-008	0.000000e+000	5.000000e+000	0.000000e+000	

Index   time            net-_r3-pad2_   net-_r4-pad2_   net-_r5-pad2_   
--------------------------------------------------------------------------------
403	8.500448e-008	0.000000e+000	5.000000e+000	0.000000e+000	
404	8.500704e-008	0.000000e+000	5.000000e+000	0.000000e+000	
405	8.501216e-008	0.000000e+000	5.000000e+000	0.000000e+000	
406	8.502240e-008	0.000000e+000	5.000000e+000	0.000000e+000	
407	8.504288e-008	0.000000e+000	5.000000e+000	0.000000e+000	
408	8.508384e-008	0.000000e+000	5.000000e+000	0.000000e+000	
409	8.516576e-008	0.000000e+000	5.000000e+000	0.000000e+000	
410	8.532960e-008	0.000000e+000	5.000000e+000	0.000000e+000	
411	8.565728e-008	0.000000e+000	5.000000e+000	0.000000e+000	
412	8.631264e-008	0.000000e+000	5.000000e+000	0.000000e+000	
413	8.731264e-008	0.000000e+000	5.000000e+000	0.000000e+000	
414	8.831264e-008	0.000000e+000	5.000000e+000	0.000000e+000	
415	8.931264e-008	0.000000e+000	5.000000e+000	0.000000e+000	
416	9.000000e-008	0.000000e+000	5.000000e+000	0.000000e+000	
417	9.000010e-008	5.000000e-001	5.000000e+000	0.000000e+000	
418	9.000030e-008	1.500000e+000	5.000000e+000	0.000000e+000	
419	9.000070e-008	3.500000e+000	5.000000e+000	0.000000e+000	
420	9.000100e-008	5.000000e+000	5.000000e+000	0.000000e+000	
421	9.000108e-008	5.000000e+000	4.600000e+000	0.000000e+000	
422	9.000124e-008	5.000000e+000	3.800000e+000	0.000000e+000	
423	9.000156e-008	5.000000e+000	2.200000e+000	0.000000e+000	
424	9.000200e-008	5.000000e+000	-8.88178e-016	0.000000e+000	
425	9.000206e-008	5.000000e+000	-8.88178e-016	0.000000e+000	
426	9.000219e-008	5.000000e+000	-8.88178e-016	0.000000e+000	
427	9.000245e-008	5.000000e+000	-8.88178e-016	0.000000e+000	
428	9.000296e-008	5.000000e+000	-8.88178e-016	0.000000e+000	
429	9.000398e-008	5.000000e+000	-8.88178e-016	0.000000e+000	
430	9.000603e-008	5.000000e+000	-8.88178e-016	0.000000e+000	
431	9.001013e-008	5.000000e+000	-8.88178e-016	0.000000e+000	
432	9.001832e-008	5.000000e+000	-8.88178e-016	0.000000e+000	
433	9.003470e-008	5.000000e+000	-8.88178e-016	0.000000e+000	
434	9.006747e-008	5.000000e+000	-8.88178e-016	0.000000e+000	
435	9.013301e-008	5.000000e+000	-8.88178e-016	0.000000e+000	
436	9.026408e-008	5.000000e+000	-8.88178e-016	0.000000e+000	
437	9.052622e-008	5.000000e+000	-8.88178e-016	0.000000e+000	
438	9.105051e-008	5.000000e+000	-8.88178e-016	0.000000e+000	
439	9.205051e-008	5.000000e+000	-8.88178e-016	0.000000e+000	
440	9.305051e-008	5.000000e+000	-8.88178e-016	0.000000e+000	
441	9.405051e-008	5.000000e+000	-8.88178e-016	0.000000e+000	
442	9.500100e-008	5.000000e+000	0.000000e+000	0.000000e+000	
443	9.500110e-008	4.500000e+000	0.000000e+000	0.000000e+000	
444	9.500130e-008	3.500000e+000	0.000000e+000	0.000000e+000	
445	9.500170e-008	1.500000e+000	-2.22045e-016	0.000000e+000	
446	9.500200e-008	0.000000e+000	0.000000e+000	0.000000e+000	
447	9.500208e-008	0.000000e+000	0.000000e+000	0.000000e+000	
448	9.500224e-008	0.000000e+000	0.000000e+000	0.000000e+000	
449	9.500256e-008	0.000000e+000	0.000000e+000	0.000000e+000	
450	9.500320e-008	0.000000e+000	0.000000e+000	0.000000e+000	
451	9.500448e-008	0.000000e+000	0.000000e+000	0.000000e+000	
452	9.500704e-008	0.000000e+000	0.000000e+000	0.000000e+000	
453	9.501216e-008	0.000000e+000	0.000000e+000	0.000000e+000	
454	9.502240e-008	0.000000e+000	0.000000e+000	0.000000e+000	
455	9.504288e-008	0.000000e+000	0.000000e+000	0.000000e+000	
456	9.508384e-008	0.000000e+000	0.000000e+000	0.000000e+000	
457	9.516576e-008	0.000000e+000	0.000000e+000	0.000000e+000	
458	9.532960e-008	0.000000e+000	0.000000e+000	0.000000e+000	
459	9.565728e-008	0.000000e+000	0.000000e+000	0.000000e+000	
460	9.631264e-008	0.000000e+000	0.000000e+000	0.000000e+000	

Index   time            net-_r3-pad2_   net-_r4-pad2_   net-_r5-pad2_   
--------------------------------------------------------------------------------
461	9.731264e-008	0.000000e+000	0.000000e+000	0.000000e+000	
462	9.831264e-008	0.000000e+000	0.000000e+000	0.000000e+000	
463	9.931264e-008	0.000000e+000	0.000000e+000	0.000000e+000	
464	1.000000e-007	0.000000e+000	0.000000e+000	0.000000e+000	

           * c:\users\admin\esim-workspace\priencoder\priencoder.cir
           Transient Analysis  Sat May 15 21:55:02  2021
--------------------------------------------------------------------------------
Index   time            net-_r6-pad2_   net-_r7-pad2_   
--------------------------------------------------------------------------------
0	0.000000e+000	0.000000e+000	0.000000e+000	
1	1.000000e-014	0.000000e+000	0.000000e+000	
2	2.000000e-014	0.000000e+000	0.000000e+000	
3	4.000000e-014	0.000000e+000	0.000000e+000	
4	8.000000e-014	0.000000e+000	0.000000e+000	
5	1.600000e-013	0.000000e+000	0.000000e+000	
6	3.200000e-013	0.000000e+000	0.000000e+000	
7	6.400000e-013	0.000000e+000	0.000000e+000	
8	1.000000e-012	0.000000e+000	0.000000e+000	
9	1.064000e-012	0.000000e+000	0.000000e+000	
10	1.192000e-012	0.000000e+000	0.000000e+000	
11	1.448000e-012	0.000000e+000	0.000000e+000	
12	1.960000e-012	0.000000e+000	0.000000e+000	
13	2.984000e-012	0.000000e+000	0.000000e+000	
14	5.032000e-012	0.000000e+000	0.000000e+000	
15	9.128000e-012	0.000000e+000	0.000000e+000	
16	1.732000e-011	0.000000e+000	0.000000e+000	
17	3.370400e-011	0.000000e+000	0.000000e+000	
18	6.647200e-011	0.000000e+000	0.000000e+000	
19	1.320080e-010	0.000000e+000	0.000000e+000	
20	2.630800e-010	0.000000e+000	0.000000e+000	
21	5.252240e-010	0.000000e+000	0.000000e+000	
22	1.049512e-009	0.000000e+000	0.000000e+000	
23	2.049512e-009	0.000000e+000	0.000000e+000	
24	3.049512e-009	0.000000e+000	0.000000e+000	
25	4.049512e-009	0.000000e+000	0.000000e+000	
26	5.001000e-009	0.000000e+000	0.000000e+000	
27	5.001100e-009	0.000000e+000	0.000000e+000	
28	5.001300e-009	0.000000e+000	0.000000e+000	
29	5.001700e-009	0.000000e+000	0.000000e+000	
30	5.002000e-009	0.000000e+000	0.000000e+000	
31	5.002080e-009	0.000000e+000	0.000000e+000	
32	5.002240e-009	0.000000e+000	0.000000e+000	
33	5.002560e-009	0.000000e+000	0.000000e+000	
34	5.003200e-009	0.000000e+000	0.000000e+000	
35	5.004480e-009	0.000000e+000	0.000000e+000	
36	5.007040e-009	0.000000e+000	0.000000e+000	
37	5.012160e-009	0.000000e+000	0.000000e+000	
38	5.022400e-009	0.000000e+000	0.000000e+000	
39	5.042880e-009	0.000000e+000	0.000000e+000	
40	5.083840e-009	0.000000e+000	0.000000e+000	
41	5.165760e-009	0.000000e+000	0.000000e+000	
42	5.329600e-009	0.000000e+000	0.000000e+000	
43	5.657280e-009	0.000000e+000	0.000000e+000	
44	6.312640e-009	0.000000e+000	0.000000e+000	
45	7.312640e-009	0.000000e+000	0.000000e+000	
46	8.312640e-009	0.000000e+000	0.000000e+000	
47	9.312640e-009	0.000000e+000	0.000000e+000	
48	1.000000e-008	0.000000e+000	0.000000e+000	
49	1.000010e-008	0.000000e+000	0.000000e+000	
50	1.000030e-008	0.000000e+000	0.000000e+000	
51	1.000070e-008	0.000000e+000	0.000000e+000	
52	1.000100e-008	0.000000e+000	0.000000e+000	
53	1.000108e-008	0.000000e+000	0.000000e+000	
54	1.000124e-008	0.000000e+000	0.000000e+000	

Index   time            net-_r6-pad2_   net-_r7-pad2_   
--------------------------------------------------------------------------------
55	1.000156e-008	0.000000e+000	0.000000e+000	
56	1.000200e-008	0.000000e+000	0.000000e+000	
57	1.000206e-008	0.000000e+000	0.000000e+000	
58	1.000219e-008	0.000000e+000	0.000000e+000	
59	1.000245e-008	0.000000e+000	0.000000e+000	
60	1.000296e-008	0.000000e+000	0.000000e+000	
61	1.000398e-008	0.000000e+000	0.000000e+000	
62	1.000603e-008	0.000000e+000	0.000000e+000	
63	1.001013e-008	0.000000e+000	0.000000e+000	
64	1.001832e-008	0.000000e+000	0.000000e+000	
65	1.003470e-008	0.000000e+000	0.000000e+000	
66	1.006747e-008	0.000000e+000	0.000000e+000	
67	1.013301e-008	0.000000e+000	0.000000e+000	
68	1.026408e-008	0.000000e+000	0.000000e+000	
69	1.052622e-008	0.000000e+000	0.000000e+000	
70	1.105051e-008	0.000000e+000	0.000000e+000	
71	1.205051e-008	0.000000e+000	0.000000e+000	
72	1.305051e-008	0.000000e+000	0.000000e+000	
73	1.405051e-008	0.000000e+000	0.000000e+000	
74	1.500100e-008	0.000000e+000	0.000000e+000	
75	1.500110e-008	0.000000e+000	0.000000e+000	
76	1.500130e-008	0.000000e+000	0.000000e+000	
77	1.500170e-008	0.000000e+000	0.000000e+000	
78	1.500200e-008	0.000000e+000	0.000000e+000	
79	1.500208e-008	0.000000e+000	0.000000e+000	
80	1.500224e-008	0.000000e+000	0.000000e+000	
81	1.500256e-008	0.000000e+000	0.000000e+000	
82	1.500320e-008	0.000000e+000	0.000000e+000	
83	1.500448e-008	0.000000e+000	0.000000e+000	
84	1.500704e-008	0.000000e+000	0.000000e+000	
85	1.501216e-008	0.000000e+000	0.000000e+000	
86	1.502240e-008	0.000000e+000	0.000000e+000	
87	1.504288e-008	0.000000e+000	0.000000e+000	
88	1.508384e-008	0.000000e+000	0.000000e+000	
89	1.516576e-008	0.000000e+000	0.000000e+000	
90	1.532960e-008	0.000000e+000	0.000000e+000	
91	1.565728e-008	0.000000e+000	0.000000e+000	
92	1.631264e-008	0.000000e+000	0.000000e+000	
93	1.731264e-008	0.000000e+000	0.000000e+000	
94	1.831264e-008	0.000000e+000	0.000000e+000	
95	1.931264e-008	0.000000e+000	0.000000e+000	
96	2.000000e-008	0.000000e+000	0.000000e+000	
97	2.000010e-008	0.000000e+000	0.000000e+000	
98	2.000030e-008	0.000000e+000	0.000000e+000	
99	2.000070e-008	0.000000e+000	0.000000e+000	
100	2.000100e-008	0.000000e+000	0.000000e+000	
101	2.000108e-008	0.000000e+000	0.000000e+000	
102	2.000124e-008	0.000000e+000	0.000000e+000	
103	2.000156e-008	0.000000e+000	0.000000e+000	
104	2.000220e-008	0.000000e+000	0.000000e+000	
105	2.000348e-008	0.000000e+000	0.000000e+000	
106	2.000604e-008	0.000000e+000	0.000000e+000	
107	2.001116e-008	0.000000e+000	0.000000e+000	
108	2.002140e-008	0.000000e+000	0.000000e+000	
109	2.004188e-008	0.000000e+000	0.000000e+000	
110	2.008284e-008	0.000000e+000	0.000000e+000	
111	2.016476e-008	0.000000e+000	0.000000e+000	
112	2.032860e-008	0.000000e+000	0.000000e+000	

Index   time            net-_r6-pad2_   net-_r7-pad2_   
--------------------------------------------------------------------------------
113	2.065628e-008	0.000000e+000	0.000000e+000	
114	2.131164e-008	0.000000e+000	0.000000e+000	
115	2.231164e-008	0.000000e+000	0.000000e+000	
116	2.331164e-008	0.000000e+000	0.000000e+000	
117	2.431164e-008	0.000000e+000	0.000000e+000	
118	2.500100e-008	0.000000e+000	0.000000e+000	
119	2.500110e-008	0.000000e+000	0.000000e+000	
120	2.500130e-008	0.000000e+000	0.000000e+000	
121	2.500170e-008	0.000000e+000	0.000000e+000	
122	2.500200e-008	0.000000e+000	0.000000e+000	
123	2.500208e-008	0.000000e+000	0.000000e+000	
124	2.500224e-008	0.000000e+000	0.000000e+000	
125	2.500256e-008	0.000000e+000	0.000000e+000	
126	2.500320e-008	0.000000e+000	0.000000e+000	
127	2.500448e-008	0.000000e+000	0.000000e+000	
128	2.500704e-008	0.000000e+000	0.000000e+000	
129	2.501216e-008	0.000000e+000	0.000000e+000	
130	2.502240e-008	0.000000e+000	0.000000e+000	
131	2.504288e-008	0.000000e+000	0.000000e+000	
132	2.508384e-008	0.000000e+000	0.000000e+000	
133	2.516576e-008	0.000000e+000	0.000000e+000	
134	2.532960e-008	0.000000e+000	0.000000e+000	
135	2.565728e-008	0.000000e+000	0.000000e+000	
136	2.631264e-008	0.000000e+000	0.000000e+000	
137	2.731264e-008	0.000000e+000	0.000000e+000	
138	2.831264e-008	0.000000e+000	0.000000e+000	
139	2.931264e-008	0.000000e+000	0.000000e+000	
140	3.000000e-008	0.000000e+000	0.000000e+000	
141	3.000010e-008	0.000000e+000	0.000000e+000	
142	3.000030e-008	0.000000e+000	0.000000e+000	
143	3.000070e-008	0.000000e+000	0.000000e+000	
144	3.000100e-008	0.000000e+000	0.000000e+000	
145	3.000108e-008	0.000000e+000	0.000000e+000	
146	3.000124e-008	0.000000e+000	0.000000e+000	
147	3.000156e-008	0.000000e+000	0.000000e+000	
148	3.000200e-008	0.000000e+000	0.000000e+000	
149	3.000206e-008	0.000000e+000	0.000000e+000	
150	3.000219e-008	0.000000e+000	0.000000e+000	
151	3.000245e-008	0.000000e+000	0.000000e+000	
152	3.000296e-008	0.000000e+000	0.000000e+000	
153	3.000398e-008	0.000000e+000	0.000000e+000	
154	3.000603e-008	0.000000e+000	0.000000e+000	
155	3.001013e-008	0.000000e+000	0.000000e+000	
156	3.001832e-008	0.000000e+000	0.000000e+000	
157	3.003470e-008	0.000000e+000	0.000000e+000	
158	3.006747e-008	0.000000e+000	0.000000e+000	
159	3.013301e-008	0.000000e+000	0.000000e+000	
160	3.026408e-008	0.000000e+000	0.000000e+000	
161	3.052622e-008	0.000000e+000	0.000000e+000	
162	3.105051e-008	0.000000e+000	0.000000e+000	
163	3.205051e-008	0.000000e+000	0.000000e+000	
164	3.305051e-008	0.000000e+000	0.000000e+000	
165	3.405051e-008	0.000000e+000	0.000000e+000	
166	3.500100e-008	0.000000e+000	0.000000e+000	
167	3.500110e-008	0.000000e+000	0.000000e+000	
168	3.500130e-008	0.000000e+000	0.000000e+000	
169	3.500170e-008	0.000000e+000	0.000000e+000	
170	3.500200e-008	0.000000e+000	0.000000e+000	

Index   time            net-_r6-pad2_   net-_r7-pad2_   
--------------------------------------------------------------------------------
171	3.500208e-008	0.000000e+000	0.000000e+000	
172	3.500224e-008	0.000000e+000	0.000000e+000	
173	3.500256e-008	0.000000e+000	0.000000e+000	
174	3.500320e-008	0.000000e+000	0.000000e+000	
175	3.500448e-008	0.000000e+000	0.000000e+000	
176	3.500704e-008	0.000000e+000	0.000000e+000	
177	3.501216e-008	0.000000e+000	0.000000e+000	
178	3.502240e-008	0.000000e+000	0.000000e+000	
179	3.504288e-008	0.000000e+000	0.000000e+000	
180	3.508384e-008	0.000000e+000	0.000000e+000	
181	3.516576e-008	0.000000e+000	0.000000e+000	
182	3.532960e-008	0.000000e+000	0.000000e+000	
183	3.565728e-008	0.000000e+000	0.000000e+000	
184	3.631264e-008	0.000000e+000	0.000000e+000	
185	3.731264e-008	0.000000e+000	0.000000e+000	
186	3.831264e-008	0.000000e+000	0.000000e+000	
187	3.931264e-008	0.000000e+000	0.000000e+000	
188	4.000000e-008	0.000000e+000	0.000000e+000	
189	4.000010e-008	0.000000e+000	0.000000e+000	
190	4.000030e-008	0.000000e+000	0.000000e+000	
191	4.000070e-008	0.000000e+000	0.000000e+000	
192	4.000100e-008	0.000000e+000	0.000000e+000	
193	4.000108e-008	0.000000e+000	0.000000e+000	
194	4.000124e-008	0.000000e+000	0.000000e+000	
195	4.000156e-008	0.000000e+000	0.000000e+000	
196	4.000220e-008	0.000000e+000	0.000000e+000	
197	4.000348e-008	0.000000e+000	0.000000e+000	
198	4.000604e-008	0.000000e+000	0.000000e+000	
199	4.001116e-008	0.000000e+000	0.000000e+000	
200	4.002140e-008	0.000000e+000	0.000000e+000	
201	4.004188e-008	0.000000e+000	0.000000e+000	
202	4.008284e-008	0.000000e+000	0.000000e+000	
203	4.016476e-008	0.000000e+000	0.000000e+000	
204	4.032860e-008	0.000000e+000	0.000000e+000	
205	4.065628e-008	0.000000e+000	0.000000e+000	
206	4.131164e-008	0.000000e+000	0.000000e+000	
207	4.231164e-008	0.000000e+000	0.000000e+000	
208	4.331164e-008	0.000000e+000	0.000000e+000	
209	4.431164e-008	0.000000e+000	0.000000e+000	
210	4.500100e-008	0.000000e+000	0.000000e+000	
211	4.500110e-008	0.000000e+000	0.000000e+000	
212	4.500130e-008	0.000000e+000	0.000000e+000	
213	4.500170e-008	0.000000e+000	0.000000e+000	
214	4.500200e-008	0.000000e+000	0.000000e+000	
215	4.500208e-008	0.000000e+000	0.000000e+000	
216	4.500224e-008	0.000000e+000	0.000000e+000	
217	4.500256e-008	0.000000e+000	0.000000e+000	
218	4.500320e-008	0.000000e+000	0.000000e+000	
219	4.500448e-008	0.000000e+000	0.000000e+000	
220	4.500704e-008	0.000000e+000	0.000000e+000	
221	4.501216e-008	0.000000e+000	0.000000e+000	
222	4.502240e-008	0.000000e+000	0.000000e+000	
223	4.504288e-008	0.000000e+000	0.000000e+000	
224	4.508384e-008	0.000000e+000	0.000000e+000	
225	4.516576e-008	0.000000e+000	0.000000e+000	
226	4.532960e-008	0.000000e+000	0.000000e+000	
227	4.565728e-008	0.000000e+000	0.000000e+000	
228	4.631264e-008	0.000000e+000	0.000000e+000	

Index   time            net-_r6-pad2_   net-_r7-pad2_   
--------------------------------------------------------------------------------
229	4.731264e-008	0.000000e+000	0.000000e+000	
230	4.831264e-008	0.000000e+000	0.000000e+000	
231	4.931264e-008	0.000000e+000	0.000000e+000	
232	5.000000e-008	0.000000e+000	0.000000e+000	
233	5.000010e-008	0.000000e+000	0.000000e+000	
234	5.000030e-008	0.000000e+000	0.000000e+000	
235	5.000070e-008	0.000000e+000	0.000000e+000	
236	5.000100e-008	0.000000e+000	0.000000e+000	
237	5.000108e-008	0.000000e+000	0.000000e+000	
238	5.000124e-008	0.000000e+000	0.000000e+000	
239	5.000156e-008	0.000000e+000	0.000000e+000	
240	5.000200e-008	0.000000e+000	0.000000e+000	
241	5.000206e-008	0.000000e+000	0.000000e+000	
242	5.000219e-008	0.000000e+000	0.000000e+000	
243	5.000245e-008	0.000000e+000	0.000000e+000	
244	5.000296e-008	0.000000e+000	0.000000e+000	
245	5.000398e-008	0.000000e+000	0.000000e+000	
246	5.000603e-008	0.000000e+000	0.000000e+000	
247	5.001013e-008	0.000000e+000	0.000000e+000	
248	5.001832e-008	0.000000e+000	0.000000e+000	
249	5.003470e-008	0.000000e+000	0.000000e+000	
250	5.006747e-008	0.000000e+000	0.000000e+000	
251	5.013301e-008	0.000000e+000	0.000000e+000	
252	5.026408e-008	0.000000e+000	0.000000e+000	
253	5.052622e-008	0.000000e+000	0.000000e+000	
254	5.105051e-008	0.000000e+000	0.000000e+000	
255	5.205051e-008	0.000000e+000	0.000000e+000	
256	5.305051e-008	0.000000e+000	0.000000e+000	
257	5.405051e-008	0.000000e+000	0.000000e+000	
258	5.500100e-008	0.000000e+000	0.000000e+000	
259	5.500110e-008	0.000000e+000	0.000000e+000	
260	5.500130e-008	0.000000e+000	0.000000e+000	
261	5.500170e-008	0.000000e+000	0.000000e+000	
262	5.500200e-008	0.000000e+000	0.000000e+000	
263	5.500208e-008	0.000000e+000	0.000000e+000	
264	5.500224e-008	0.000000e+000	0.000000e+000	
265	5.500256e-008	0.000000e+000	0.000000e+000	
266	5.500320e-008	0.000000e+000	0.000000e+000	
267	5.500448e-008	0.000000e+000	0.000000e+000	
268	5.500704e-008	0.000000e+000	0.000000e+000	
269	5.501216e-008	0.000000e+000	0.000000e+000	
270	5.502240e-008	0.000000e+000	0.000000e+000	
271	5.504288e-008	0.000000e+000	0.000000e+000	
272	5.508384e-008	0.000000e+000	0.000000e+000	
273	5.516576e-008	0.000000e+000	0.000000e+000	
274	5.532960e-008	0.000000e+000	0.000000e+000	
275	5.565728e-008	0.000000e+000	0.000000e+000	
276	5.631264e-008	0.000000e+000	0.000000e+000	
277	5.731264e-008	0.000000e+000	0.000000e+000	
278	5.831264e-008	0.000000e+000	0.000000e+000	
279	5.931264e-008	0.000000e+000	0.000000e+000	
280	6.000000e-008	0.000000e+000	0.000000e+000	
281	6.000010e-008	0.000000e+000	0.000000e+000	
282	6.000030e-008	0.000000e+000	0.000000e+000	
283	6.000070e-008	0.000000e+000	0.000000e+000	
284	6.000100e-008	0.000000e+000	0.000000e+000	
285	6.000108e-008	0.000000e+000	0.000000e+000	
286	6.000124e-008	0.000000e+000	0.000000e+000	

Index   time            net-_r6-pad2_   net-_r7-pad2_   
--------------------------------------------------------------------------------
287	6.000156e-008	0.000000e+000	0.000000e+000	
288	6.000220e-008	0.000000e+000	0.000000e+000	
289	6.000348e-008	0.000000e+000	0.000000e+000	
290	6.000604e-008	0.000000e+000	0.000000e+000	
291	6.001116e-008	0.000000e+000	0.000000e+000	
292	6.002140e-008	0.000000e+000	0.000000e+000	
293	6.004188e-008	0.000000e+000	0.000000e+000	
294	6.008284e-008	0.000000e+000	0.000000e+000	
295	6.016476e-008	0.000000e+000	0.000000e+000	
296	6.032860e-008	0.000000e+000	0.000000e+000	
297	6.065628e-008	0.000000e+000	0.000000e+000	
298	6.131164e-008	0.000000e+000	0.000000e+000	
299	6.231164e-008	0.000000e+000	0.000000e+000	
300	6.331164e-008	0.000000e+000	0.000000e+000	
301	6.431164e-008	0.000000e+000	0.000000e+000	
302	6.500100e-008	0.000000e+000	0.000000e+000	
303	6.500110e-008	0.000000e+000	0.000000e+000	
304	6.500130e-008	0.000000e+000	0.000000e+000	
305	6.500170e-008	0.000000e+000	0.000000e+000	
306	6.500200e-008	0.000000e+000	0.000000e+000	
307	6.500208e-008	0.000000e+000	0.000000e+000	
308	6.500224e-008	0.000000e+000	0.000000e+000	
309	6.500256e-008	0.000000e+000	0.000000e+000	
310	6.500320e-008	0.000000e+000	0.000000e+000	
311	6.500448e-008	0.000000e+000	0.000000e+000	
312	6.500704e-008	0.000000e+000	0.000000e+000	
313	6.501216e-008	0.000000e+000	0.000000e+000	
314	6.502240e-008	0.000000e+000	0.000000e+000	
315	6.504288e-008	0.000000e+000	0.000000e+000	
316	6.508384e-008	0.000000e+000	0.000000e+000	
317	6.516576e-008	0.000000e+000	0.000000e+000	
318	6.532960e-008	0.000000e+000	0.000000e+000	
319	6.565728e-008	0.000000e+000	0.000000e+000	
320	6.631264e-008	0.000000e+000	0.000000e+000	
321	6.731264e-008	0.000000e+000	0.000000e+000	
322	6.831264e-008	0.000000e+000	0.000000e+000	
323	6.931264e-008	0.000000e+000	0.000000e+000	
324	7.000000e-008	0.000000e+000	0.000000e+000	
325	7.000010e-008	0.000000e+000	0.000000e+000	
326	7.000030e-008	0.000000e+000	0.000000e+000	
327	7.000070e-008	0.000000e+000	0.000000e+000	
328	7.000100e-008	0.000000e+000	0.000000e+000	
329	7.000108e-008	0.000000e+000	0.000000e+000	
330	7.000124e-008	0.000000e+000	0.000000e+000	
331	7.000156e-008	0.000000e+000	0.000000e+000	
332	7.000200e-008	0.000000e+000	0.000000e+000	
333	7.000206e-008	0.000000e+000	0.000000e+000	
334	7.000219e-008	0.000000e+000	0.000000e+000	
335	7.000245e-008	0.000000e+000	0.000000e+000	
336	7.000296e-008	0.000000e+000	0.000000e+000	
337	7.000398e-008	0.000000e+000	0.000000e+000	
338	7.000603e-008	0.000000e+000	0.000000e+000	
339	7.001013e-008	0.000000e+000	0.000000e+000	
340	7.001832e-008	0.000000e+000	0.000000e+000	
341	7.003470e-008	0.000000e+000	0.000000e+000	
342	7.006747e-008	0.000000e+000	0.000000e+000	
343	7.013301e-008	0.000000e+000	0.000000e+000	
344	7.026408e-008	0.000000e+000	0.000000e+000	

Index   time            net-_r6-pad2_   net-_r7-pad2_   
--------------------------------------------------------------------------------
345	7.052622e-008	0.000000e+000	0.000000e+000	
346	7.105051e-008	0.000000e+000	0.000000e+000	
347	7.205051e-008	0.000000e+000	0.000000e+000	
348	7.305051e-008	0.000000e+000	0.000000e+000	
349	7.405051e-008	0.000000e+000	0.000000e+000	
350	7.500100e-008	0.000000e+000	0.000000e+000	
351	7.500110e-008	0.000000e+000	0.000000e+000	
352	7.500130e-008	0.000000e+000	0.000000e+000	
353	7.500170e-008	0.000000e+000	0.000000e+000	
354	7.500200e-008	0.000000e+000	0.000000e+000	
355	7.500208e-008	0.000000e+000	0.000000e+000	
356	7.500224e-008	0.000000e+000	0.000000e+000	
357	7.500256e-008	0.000000e+000	0.000000e+000	
358	7.500320e-008	0.000000e+000	0.000000e+000	
359	7.500448e-008	0.000000e+000	0.000000e+000	
360	7.500704e-008	0.000000e+000	0.000000e+000	
361	7.501216e-008	0.000000e+000	0.000000e+000	
362	7.502240e-008	0.000000e+000	0.000000e+000	
363	7.504288e-008	0.000000e+000	0.000000e+000	
364	7.508384e-008	0.000000e+000	0.000000e+000	
365	7.516576e-008	0.000000e+000	0.000000e+000	
366	7.532960e-008	0.000000e+000	0.000000e+000	
367	7.565728e-008	0.000000e+000	0.000000e+000	
368	7.631264e-008	0.000000e+000	0.000000e+000	
369	7.731264e-008	0.000000e+000	0.000000e+000	
370	7.831264e-008	0.000000e+000	0.000000e+000	
371	7.931264e-008	0.000000e+000	0.000000e+000	
372	8.000000e-008	0.000000e+000	0.000000e+000	
373	8.000010e-008	0.000000e+000	0.000000e+000	
374	8.000030e-008	0.000000e+000	0.000000e+000	
375	8.000070e-008	0.000000e+000	0.000000e+000	
376	8.000100e-008	0.000000e+000	0.000000e+000	
377	8.000108e-008	0.000000e+000	0.000000e+000	
378	8.000124e-008	0.000000e+000	0.000000e+000	
379	8.000156e-008	0.000000e+000	0.000000e+000	
380	8.000220e-008	0.000000e+000	0.000000e+000	
381	8.000348e-008	0.000000e+000	0.000000e+000	
382	8.000604e-008	0.000000e+000	0.000000e+000	
383	8.001116e-008	0.000000e+000	0.000000e+000	
384	8.002140e-008	0.000000e+000	0.000000e+000	
385	8.004188e-008	0.000000e+000	0.000000e+000	
386	8.008284e-008	0.000000e+000	0.000000e+000	
387	8.016476e-008	0.000000e+000	0.000000e+000	
388	8.032860e-008	0.000000e+000	0.000000e+000	
389	8.065628e-008	0.000000e+000	0.000000e+000	
390	8.131164e-008	0.000000e+000	0.000000e+000	
391	8.231164e-008	0.000000e+000	0.000000e+000	
392	8.331164e-008	0.000000e+000	0.000000e+000	
393	8.431164e-008	0.000000e+000	0.000000e+000	
394	8.500100e-008	0.000000e+000	0.000000e+000	
395	8.500110e-008	0.000000e+000	0.000000e+000	
396	8.500130e-008	0.000000e+000	0.000000e+000	
397	8.500170e-008	0.000000e+000	0.000000e+000	
398	8.500200e-008	0.000000e+000	0.000000e+000	
399	8.500208e-008	0.000000e+000	0.000000e+000	
400	8.500224e-008	0.000000e+000	0.000000e+000	
401	8.500256e-008	0.000000e+000	0.000000e+000	
402	8.500320e-008	0.000000e+000	0.000000e+000	

Index   time            net-_r6-pad2_   net-_r7-pad2_   
--------------------------------------------------------------------------------
403	8.500448e-008	0.000000e+000	0.000000e+000	
404	8.500704e-008	0.000000e+000	0.000000e+000	
405	8.501216e-008	0.000000e+000	0.000000e+000	
406	8.502240e-008	0.000000e+000	0.000000e+000	
407	8.504288e-008	0.000000e+000	0.000000e+000	
408	8.508384e-008	0.000000e+000	0.000000e+000	
409	8.516576e-008	0.000000e+000	0.000000e+000	
410	8.532960e-008	0.000000e+000	0.000000e+000	
411	8.565728e-008	0.000000e+000	0.000000e+000	
412	8.631264e-008	0.000000e+000	0.000000e+000	
413	8.731264e-008	0.000000e+000	0.000000e+000	
414	8.831264e-008	0.000000e+000	0.000000e+000	
415	8.931264e-008	0.000000e+000	0.000000e+000	
416	9.000000e-008	0.000000e+000	0.000000e+000	
417	9.000010e-008	0.000000e+000	0.000000e+000	
418	9.000030e-008	0.000000e+000	0.000000e+000	
419	9.000070e-008	0.000000e+000	0.000000e+000	
420	9.000100e-008	0.000000e+000	0.000000e+000	
421	9.000108e-008	0.000000e+000	0.000000e+000	
422	9.000124e-008	0.000000e+000	0.000000e+000	
423	9.000156e-008	0.000000e+000	0.000000e+000	
424	9.000200e-008	0.000000e+000	0.000000e+000	
425	9.000206e-008	0.000000e+000	0.000000e+000	
426	9.000219e-008	0.000000e+000	0.000000e+000	
427	9.000245e-008	0.000000e+000	0.000000e+000	
428	9.000296e-008	0.000000e+000	0.000000e+000	
429	9.000398e-008	0.000000e+000	0.000000e+000	
430	9.000603e-008	0.000000e+000	0.000000e+000	
431	9.001013e-008	0.000000e+000	0.000000e+000	
432	9.001832e-008	0.000000e+000	0.000000e+000	
433	9.003470e-008	0.000000e+000	0.000000e+000	
434	9.006747e-008	0.000000e+000	0.000000e+000	
435	9.013301e-008	0.000000e+000	0.000000e+000	
436	9.026408e-008	0.000000e+000	0.000000e+000	
437	9.052622e-008	0.000000e+000	0.000000e+000	
438	9.105051e-008	0.000000e+000	0.000000e+000	
439	9.205051e-008	0.000000e+000	0.000000e+000	
440	9.305051e-008	0.000000e+000	0.000000e+000	
441	9.405051e-008	0.000000e+000	0.000000e+000	
442	9.500100e-008	0.000000e+000	0.000000e+000	
443	9.500110e-008	0.000000e+000	0.000000e+000	
444	9.500130e-008	0.000000e+000	0.000000e+000	
445	9.500170e-008	0.000000e+000	0.000000e+000	
446	9.500200e-008	0.000000e+000	0.000000e+000	
447	9.500208e-008	0.000000e+000	0.000000e+000	
448	9.500224e-008	0.000000e+000	0.000000e+000	
449	9.500256e-008	0.000000e+000	0.000000e+000	
450	9.500320e-008	0.000000e+000	0.000000e+000	
451	9.500448e-008	0.000000e+000	0.000000e+000	
452	9.500704e-008	0.000000e+000	0.000000e+000	
453	9.501216e-008	0.000000e+000	0.000000e+000	
454	9.502240e-008	0.000000e+000	0.000000e+000	
455	9.504288e-008	0.000000e+000	0.000000e+000	
456	9.508384e-008	0.000000e+000	0.000000e+000	
457	9.516576e-008	0.000000e+000	0.000000e+000	
458	9.532960e-008	0.000000e+000	0.000000e+000	
459	9.565728e-008	0.000000e+000	0.000000e+000	
460	9.631264e-008	0.000000e+000	0.000000e+000	

Index   time            net-_r6-pad2_   net-_r7-pad2_   
--------------------------------------------------------------------------------
461	9.731264e-008	0.000000e+000	0.000000e+000	
462	9.831264e-008	0.000000e+000	0.000000e+000	
463	9.931264e-008	0.000000e+000	0.000000e+000	
464	1.000000e-007	0.000000e+000	0.000000e+000	
